00000080 1 1 1 1 40 00
00000080 1 1 1 2 40 00
00000080 1 1 1 3 40 00
00000080 1 1 1 4 40 00
00000080 1 1 1 5 40 00
00000080 1 1 1 6 40 00
00000080 1 1 1 7 40 00
00000080 1 1 1 8 40 00
00000080 2 1 1 1 40 01
00000080 2 1 1 2 40 01
00000080 2 1 1 3 40 01
00000080 2 1 1 4 40 01
00000080 6 1 1 3 40 05
00000080 6 1 1 4 40 05
00000180 1 1 1 1 40 00
00000180 2 1 1 1 40 01
00000180 3 1 1 1 40 02
00000180 4 1 1 1 40 03
00000180 5 1 1 1 40 04
00000180 6 1 1 1 40 05
00000181 1 1 1 2 40 00
00000181 2 1 1 2 40 01
00000181 3 1 1 2 40 02
00000181 4 1 1 2 40 03
00000181 5 1 1 2 40 04
00000181 6 1 1 2 40 05
00000182 1 1 1 3 40 00
00000182 2 1 1 3 40 01
00000182 3 1 1 3 40 02
00000182 4 1 1 3 40 03
00000182 5 1 1 3 40 04
00000182 6 1 1 3 40 05
00000183 1 1 1 4 40 00
