# Evnt  S_ID P B E  Ly  Ld  Mo S C  St Px Bd
     1     1 1 1 0   0   0   0 0 1  35  3  1
     1     2 1 1 0   1   0   0 0 1  35  3  1
     1     3 1 1 0   2   0   0 0 1  35  3  1
     1     4 0 1 0   3   0   0 0 1  35  3  1
     1     5 0 1 0   4   0   0 0 1  35  3  1
     1     6 0 1 0   5   0   0 0 1  35  3  1
     1     7 1 1 0   0   0   0 0 2   1  3  1
     1     8 1 1 0   1   0   0 0 2   1  3  1
     1     9 1 1 0   2   0   0 0 2   1  3  1
     1    10 0 1 0   3   0   0 0 2   1  3  1
     1    11 0 1 0   4   0   0 0 2   1  3  1
     1    12 0 1 0   5   0   0 0 2   1  3  1
     1    13 1 1 0   0   0   0 0 1  100  3  1
     1    14 1 1 0   1   0   0 0 1  100  3  1
     1    15 1 1 0   2   0   0 0 1  100  3  1
     1    16 0 1 0   3   0   0 0 1  100  3  1
     1    17 0 1 0   4   0   0 0 1  100  3  1
     1    18 0 1 0   5   0   0 0 1  100  3  1
