#Event S_ID P B E Ly Ld Mo S C St Px Bd
1 1 1 1 0 0 1 0 0 1 1 3 1
1 2 1 1 0 1 1 0 0 1 1 3 1
1 3 1 1 0 2 1 0 0 1 1 3 1
1 4 0 1 0 3 1 0 0 1 1 3 1
1 5 0 1 0 4 1 0 0 1 1 3 1
1 6 0 1 0 5 1 0 0 1 1 3 1
1 7 1 1 0 0 0 0 0 1 50 3 1
1 8 1 1 0 1 0 0 0 1 50 3 1
1 9 1 1 0 2 0 0 0 1 50 3 1
1 10 0 1 0 3 0 0 0 1 50 3 1
1 11 0 1 0 4 0 0 0 1 50 3 1
1 12 0 1 0 5 0 0 0 1 50 3 1
1 13 1 1 0 0 1 1 0 1 100 3 1
1 14 1 1 0 1 1 1 0 1 100 3 1
1 15 1 1 0 2 1 1 0 1 100 3 1
1 16 0 1 0 3 1 1 0 1 100 3 1
1 17 0 1 0 4 1 1 0 1 100 3 1
1 18 0 1 0 5 1 1 0 1 100 3 1
1 19 1 1 0 0 0 1 0 1 1 3 1
1 20 1 1 0 1 0 1 0 1 1 3 1
1 21 1 1 0 2 0 1 0 1 1 3 1
1 22 0 1 0 3 0 1 0 1 1 3 1
1 23 0 1 0 4 0 1 0 1 1 3 1
1 24 0 1 0 5 0 1 0 1 1 3 1
1 25 1 1 0 0 1 2 0 1 50 3 1
1 26 1 1 0 1 1 2 0 1 50 3 1
1 27 1 1 0 2 1 2 0 1 50 3 1
1 28 0 1 0 3 1 2 0 1 50 3 1
1 29 0 1 0 4 1 2 0 1 50 3 1
1 30 0 1 0 5 1 2 0 1 50 3 1
1 31 1 1 0 0 0 2 0 1 100 3 1
1 32 1 1 0 1 0 2 0 1 100 3 1
1 33 1 1 0 2 0 2 0 1 100 3 1
1 34 0 1 0 3 0 2 0 1 100 3 1
1 35 0 1 0 4 0 2 0 1 100 3 1
1 36 0 1 0 5 0 2 0 1 100 3 1
1 37 1 1 0 0 1 3 0 1 1 3 1
1 38 1 1 0 1 1 3 0 1 1 3 1
1 39 1 1 0 2 1 3 0 1 1 3 1
1 40 0 1 0 3 1 3 0 1 1 3 1
1 41 0 1 0 4 1 3 0 1 1 3 1
1 42 0 1 0 5 1 3 0 1 1 3 1
1 43 1 1 0 0 0 3 0 1 50 3 1
1 44 1 1 0 1 0 3 0 1 50 3 1
1 45 1 1 0 2 0 3 0 1 50 3 1
1 46 0 1 0 3 0 3 0 1 50 3 1
1 47 0 1 0 4 0 3 0 1 50 3 1
1 48 0 1 0 5 0 3 0 1 50 3 1
1 49 1 1 0 0 1 4 0 1 100 3 1
1 50 1 1 0 1 1 4 0 1 100 3 1
1 51 1 1 0 2 1 4 0 1 100 3 1
1 52 0 1 0 3 1 4 0 1 100 3 1
1 53 0 1 0 4 1 4 0 1 100 3 1
1 54 0 1 0 5 1 4 0 1 100 3 1
1 55 1 1 0 0 0 4 0 1 1 3 1
1 56 1 1 0 1 0 4 0 1 1 3 1
1 57 1 1 0 2 0 4 0 1 1 3 1
1 58 0 1 0 3 0 4 0 1 1 3 1
1 59 0 1 0 4 0 4 0 1 1 3 1
1 60 0 1 0 5 0 4 0 1 1 3 1
1 61 1 1 0 0 1 5 0 1 50 3 1
1 62 1 1 0 1 1 5 0 1 50 3 1
1 63 1 1 0 2 1 5 0 1 50 3 1
1 64 0 1 0 3 1 5 0 1 50 3 1
1 65 0 1 0 4 1 5 0 1 50 3 1
1 66 0 1 0 5 1 5 0 1 50 3 1
1 67 1 1 0 0 0 5 0 1 100 3 1
1 68 1 1 0 1 0 5 0 1 100 3 1
1 69 1 1 0 2 0 5 0 1 100 3 1
1 70 0 1 0 3 0 5 0 1 100 3 1
1 71 0 1 0 4 0 5 0 1 100 3 1
1 72 0 1 0 5 0 5 0 1 100 3 1
1 73 1 1 0 0 1 6 0 1 1 3 1
1 74 1 1 0 1 1 6 0 1 1 3 1
1 75 1 1 0 2 1 6 0 1 1 3 1
1 76 0 1 0 3 1 6 0 1 1 3 1
1 77 0 1 0 4 1 6 0 1 1 3 1
1 78 0 1 0 5 1 6 0 1 1 3 1
1 79 1 1 0 0 0 6 0 1 50 3 1
1 80 1 1 0 1 0 6 0 1 50 3 1
1 81 1 1 0 2 0 6 0 1 50 3 1
1 82 0 1 0 3 0 6 0 1 50 3 1
1 83 0 1 0 4 0 6 0 1 50 3 1
1 84 0 1 0 5 0 6 0 1 50 3 1
1 85 1 1 0 0 1 7 0 1 100 3 1
1 86 1 1 0 1 1 7 0 1 100 3 1
1 87 1 1 0 2 1 7 0 1 100 3 1
1 88 0 1 0 3 1 7 0 1 100 3 1
1 89 0 1 0 4 1 7 0 1 100 3 1
1 90 0 1 0 5 1 7 0 1 100 3 1
1 91 1 1 0 0 0 7 0 1 1 3 1
1 92 1 1 0 1 0 7 0 1 1 3 1
1 93 1 1 0 2 0 7 0 1 1 3 1
1 94 0 1 0 3 0 7 0 1 1 3 1
1 95 0 1 0 4 0 7 0 1 1 3 1
1 96 0 1 0 5 0 7 0 1 1 3 1
1 97 1 1 0 0 1 8 0 1 50 3 1
1 98 1 1 0 1 1 8 0 1 50 3 1
1 99 1 1 0 2 1 8 0 1 50 3 1
1 100 0 1 0 3 1 8 0 1 50 3 1
1 101 0 1 0 4 1 8 0 1 50 3 1
1 102 0 1 0 5 1 8 0 1 50 3 1
1 103 1 1 0 0 0 8 0 1 100 3 1
1 104 1 1 0 1 0 8 0 1 100 3 1
1 105 1 1 0 2 0 8 0 1 100 3 1
1 106 0 1 0 3 0 8 0 1 100 3 1
1 107 0 1 0 4 0 8 0 1 100 3 1
1 108 0 1 0 5 0 8 0 1 100 3 1
1 109 1 1 0 0 1 9 0 1 1 3 1
1 110 1 1 0 1 1 9 0 1 1 3 1
1 111 1 1 0 2 1 9 0 1 1 3 1
1 112 0 1 0 3 1 9 0 1 1 3 1
1 113 0 1 0 4 1 9 0 1 1 3 1
1 114 0 1 0 5 1 9 0 1 1 3 1
1 115 1 1 0 0 0 9 0 1 50 3 1
1 116 1 1 0 1 0 9 0 1 50 3 1
1 117 1 1 0 2 0 9 0 1 50 3 1
1 118 0 1 0 3 0 9 0 1 50 3 1
1 119 0 1 0 4 0 9 0 1 50 3 1
1 120 0 1 0 5 0 9 0 1 50 3 1
1 121 1 1 0 0 1 10 0 1 100 3 1
1 122 1 1 0 1 1 10 0 1 100 3 1
1 123 1 1 0 2 1 10 0 1 100 3 1
1 124 0 1 0 3 1 10 0 1 100 3 1
1 125 0 1 0 4 1 10 0 1 100 3 1
1 126 0 1 0 5 1 10 0 1 100 3 1
1 127 1 1 0 0 0 10 0 1 1 3 1
1 128 1 1 0 1 0 10 0 1 1 3 1
1 129 1 1 0 2 0 10 0 1 1 3 1
1 130 0 1 0 3 0 10 0 1 1 3 1
1 131 0 1 0 4 0 10 0 1 1 3 1
1 132 0 1 0 5 0 10 0 1 1 3 1
1 133 1 1 0 0 1 11 0 1 50 3 1
1 134 1 1 0 1 1 11 0 1 50 3 1
1 135 1 1 0 2 1 11 0 1 50 3 1
1 136 0 1 0 3 1 11 0 1 50 3 1
1 137 0 1 0 4 1 11 0 1 50 3 1
1 138 0 1 0 5 1 11 0 1 50 3 1
1 139 1 1 0 0 0 11 0 1 100 3 1
1 140 1 1 0 1 0 11 0 1 100 3 1
1 141 1 1 0 2 0 11 0 1 100 3 1
1 142 0 1 0 3 0 11 0 1 100 3 1
1 143 0 1 0 4 0 11 0 1 100 3 1
1 144 0 1 0 5 0 11 0 1 100 3 1
1 145 1 1 0 0 1 12 0 1 1 3 1
1 146 1 1 0 1 1 12 0 1 1 3 1
1 147 1 1 0 2 1 12 0 1 1 3 1
1 148 0 1 0 3 1 12 0 1 1 3 1
1 149 0 1 0 4 1 12 0 1 1 3 1
1 150 0 1 0 5 1 12 0 1 1 3 1
1 151 1 1 0 0 0 12 0 1 50 3 1
1 152 1 1 0 1 0 12 0 1 50 3 1
1 153 1 1 0 2 0 12 0 1 50 3 1
1 154 0 1 0 3 0 12 0 1 50 3 1
1 155 0 1 0 4 0 12 0 1 50 3 1
1 156 0 1 0 5 0 12 0 1 50 3 1
1 157 1 1 0 0 1 13 0 1 100 3 1
1 158 1 1 0 1 1 13 0 1 100 3 1
1 159 1 1 0 2 1 13 0 1 100 3 1
1 160 0 1 0 3 1 13 0 1 100 3 1
1 161 0 1 0 4 1 13 0 1 100 3 1
1 162 0 1 0 5 1 13 0 1 100 3 1
1 163 1 1 0 0 0 13 0 1 1 3 1
1 164 1 1 0 1 0 13 0 1 1 3 1
1 165 1 1 0 2 0 13 0 1 1 3 1
1 166 0 1 0 3 0 13 0 1 1 3 1
1 167 0 1 0 4 0 13 0 1 1 3 1
1 168 0 1 0 5 0 13 0 1 1 3 1
1 169 1 1 0 0 1 14 0 1 50 3 1
1 170 1 1 0 1 1 14 0 1 50 3 1
1 171 1 1 0 2 1 14 0 1 50 3 1
1 172 0 1 0 3 1 14 0 1 50 3 1
1 173 0 1 0 4 1 14 0 1 50 3 1
1 174 0 1 0 5 1 14 0 1 50 3 1
1 175 1 1 0 0 0 14 0 1 100 3 1
1 176 1 1 0 1 0 14 0 1 100 3 1
1 177 1 1 0 2 0 14 0 1 100 3 1
1 178 0 1 0 3 0 14 0 1 100 3 1
1 179 0 1 0 4 0 14 0 1 100 3 1
1 180 0 1 0 5 0 15 1 1 100 3 1
1 181 1 1 0 0 1 15 1 1 1 3 1
1 182 1 1 0 1 1 15 1 1 1 3 1
1 183 1 1 0 2 1 15 1 1 1 3 1
1 184 0 1 0 3 1 15 1 1 1 3 1
1 185 0 1 0 4 1 15 1 1 1 3 1
1 186 0 1 0 5 1 15 1 1 1 3 1
1 187 1 1 0 0 0 15 1 1 50 3 1
1 188 1 1 0 1 0 15 1 1 50 3 1
1 189 1 1 0 2 0 15 1 1 50 3 1
1 190 0 1 0 3 0 15 1 1 50 3 1
1 191 0 1 0 4 0 15 1 1 50 3 1
1 192 0 1 0 5 0 15 1 1 50 3 1
1 193 1 1 0 0 1 16 1 1 100 3 1
1 194 1 1 0 1 1 16 1 1 100 3 1
1 195 1 1 0 2 1 16 1 1 100 3 1
1 196 0 1 0 3 1 16 1 1 100 3 1
1 197 0 1 0 4 1 16 1 1 100 3 1
1 198 0 1 0 5 1 16 1 1 100 3 1
1 199 1 1 0 0 0 16 1 1 1 3 1
1 200 1 1 0 1 0 16 1 1 1 3 1
1 201 1 1 0 2 0 16 1 1 1 3 1
1 202 0 1 0 3 0 16 1 1 1 3 1
1 203 0 1 0 4 0 16 1 1 1 3 1
1 204 0 1 0 5 0 16 1 1 1 3 1
1 205 1 1 0 0 1 17 1 1 50 3 1
1 206 1 1 0 1 1 17 1 1 50 3 1
1 207 1 1 0 2 1 17 1 1 50 3 1
1 208 0 1 0 3 1 17 1 1 50 3 1
1 209 0 1 0 4 1 17 1 1 50 3 1
1 210 0 1 0 5 1 17 1 1 50 3 1
1 211 1 1 0 0 0 17 1 1 100 3 1
1 212 1 1 0 1 0 17 1 1 100 3 1
1 213 1 1 0 2 0 17 1 1 100 3 1
1 214 0 1 0 3 0 17 1 1 100 3 1
1 215 0 1 0 4 0 17 1 1 100 3 1
1 216 0 1 0 5 0 17 1 1 100 3 1
1 217 1 1 0 0 1 18 1 1 1 3 1
1 218 1 1 0 1 1 18 1 1 1 3 1
1 219 1 1 0 2 1 18 1 1 1 3 1
1 220 0 1 0 3 1 18 1 1 1 3 1
1 221 0 1 0 4 1 18 1 1 1 3 1
1 222 0 1 0 5 1 18 1 1 1 3 1
1 223 1 1 0 0 0 18 1 1 50 3 1
1 224 1 1 0 1 0 18 1 1 50 3 1
1 225 1 1 0 2 0 18 1 1 50 3 1
1 226 0 1 0 3 0 18 1 1 50 3 1
1 227 0 1 0 4 0 18 1 1 50 3 1
1 228 0 1 0 5 0 18 1 1 50 3 1
1 229 1 1 0 0 1 19 1 1 100 3 1
1 230 1 1 0 1 1 19 1 1 100 3 1
1 231 1 1 0 2 1 19 1 1 100 3 1
1 232 0 1 0 3 1 19 1 1 100 3 1
1 233 0 1 0 4 1 19 1 1 100 3 1
1 234 0 1 0 5 1 19 1 1 100 3 1
1 235 1 1 0 0 0 19 1 1 1 3 1
1 236 1 1 0 1 0 19 1 1 1 3 1
1 237 1 1 0 2 0 19 1 1 1 3 1
1 238 0 1 0 3 0 19 1 1 1 3 1
1 239 0 1 0 4 0 19 1 1 1 3 1
1 240 0 1 0 5 0 19 1 1 1 3 1
1 241 1 1 0 0 1 20 1 1 50 3 1
1 242 1 1 0 1 1 20 1 1 50 3 1
1 243 1 1 0 2 1 20 1 1 50 3 1
1 244 0 1 0 3 1 20 1 1 50 3 1
1 245 0 1 0 4 1 20 1 1 50 3 1
1 246 0 1 0 5 1 20 1 1 50 3 1
1 247 1 1 0 0 0 20 1 1 100 3 1
1 248 1 1 0 1 0 20 1 1 100 3 1
1 249 1 1 0 2 0 20 1 1 100 3 1
1 250 0 1 0 3 0 20 1 1 100 3 1
1 251 0 1 0 4 0 20 1 1 100 3 1
1 252 0 1 0 5 0 20 1 1 100 3 1
1 253 1 1 0 0 1 20 1 1 1 3 1
1 254 1 1 0 1 1 20 1 1 1 3 1
1 255 1 1 0 2 1 20 1 1 1 3 1
1 256 0 1 0 3 1 20 1 1 1 3 1
1 257 0 1 0 4 1 20 1 1 1 3 1
1 258 0 1 0 5 1 20 1 1 1 3 1
1 259 1 1 0 0 0 21 1 1 50 3 1
1 260 1 1 0 1 0 21 1 1 50 3 1
1 261 1 1 0 2 0 21 1 1 50 3 1
1 262 0 1 0 3 0 21 1 1 50 3 1
1 263 0 1 0 4 0 21 1 1 50 3 1
1 264 0 1 0 5 0 21 1 1 50 3 1
1 265 1 1 0 0 1 21 1 1 100 3 1
1 266 1 1 0 1 1 21 1 1 100 3 1
1 267 1 1 0 2 1 21 1 1 100 3 1
1 268 0 1 0 3 1 21 1 1 100 3 1
1 269 0 1 0 4 1 21 1 1 100 3 1
1 270 0 1 0 5 1 21 1 1 100 3 1
1 271 1 1 0 0 0 21 1 1 1 3 1
1 272 1 1 0 1 0 21 1 1 1 3 1
1 273 1 1 0 2 0 21 1 1 1 3 1
1 274 0 1 0 3 0 21 1 1 1 3 1
1 275 0 1 0 4 0 21 1 1 1 3 1
1 276 0 1 0 5 0 21 1 1 1 3 1
1 277 1 1 0 0 1 22 1 1 50 3 1
1 278 1 1 0 1 1 22 1 1 50 3 1
1 279 1 1 0 2 1 22 1 1 50 3 1
1 280 0 1 0 3 1 22 1 1 50 3 1
1 281 0 1 0 4 1 22 1 1 50 3 1
1 282 0 1 0 5 1 22 1 1 50 3 1
1 283 1 1 0 0 0 22 1 1 100 3 1
1 284 1 1 0 1 0 22 1 1 100 3 1
1 285 1 1 0 2 0 22 1 1 100 3 1
1 286 0 1 0 3 0 22 1 1 100 3 1
1 287 0 1 0 4 0 22 1 1 100 3 1
1 288 0 1 0 5 0 22 1 1 100 3 1
1 289 1 1 0 0 1 23 1 1 1 3 1
1 290 1 1 0 1 1 23 1 1 1 3 1
1 291 1 1 0 2 1 23 1 1 1 3 1
1 292 0 1 0 3 1 23 1 1 1 3 1
1 293 0 1 0 4 1 23 1 1 1 3 1
1 294 0 1 0 5 1 23 1 1 1 3 1
1 295 1 1 0 0 0 23 1 1 50 3 1
1 296 1 1 0 1 0 23 1 1 50 3 1
1 297 1 1 0 2 0 23 1 1 50 3 1
1 298 0 1 0 3 0 23 1 1 50 3 1
1 299 0 1 0 4 0 23 1 1 50 3 1
1 300 0 1 0 5 0 23 1 1 50 3 1
2 1 1 1 0 0 1 0 0 1 1 3 1
2 2 1 1 0 1 1 0 0 1 1 3 1
2 3 1 1 0 2 1 0 0 1 1 3 1
2 4 0 1 0 3 1 0 0 1 1 3 1
2 5 0 1 0 4 1 0 0 1 1 3 1
2 6 0 1 0 5 1 0 0 1 1 3 1
2 7 1 1 0 0 0 0 0 1 50 3 1
2 8 1 1 0 1 0 0 0 1 50 3 1
2 9 1 1 0 2 0 0 0 1 50 3 1
2 10 0 1 0 3 0 0 0 1 50 3 1
2 11 0 1 0 4 0 0 0 1 50 3 1
2 12 0 1 0 5 0 0 0 1 50 3 1
2 13 1 1 0 0 1 1 0 1 100 3 1
2 14 1 1 0 1 1 1 0 1 100 3 1
2 15 1 1 0 2 1 1 0 1 100 3 1
2 16 0 1 0 3 1 1 0 1 100 3 1
2 17 0 1 0 4 1 1 0 1 100 3 1
2 18 0 1 0 5 1 1 0 1 100 3 1
2 19 1 1 0 0 0 1 0 1 1 3 1
2 20 1 1 0 1 0 1 0 1 1 3 1
2 21 1 1 0 2 0 1 0 1 1 3 1
2 22 0 1 0 3 0 1 0 1 1 3 1
2 23 0 1 0 4 0 1 0 1 1 3 1
2 24 0 1 0 5 0 1 0 1 1 3 1
2 25 1 1 0 0 1 2 0 1 50 3 1
2 26 1 1 0 1 1 2 0 1 50 3 1
2 27 1 1 0 2 1 2 0 1 50 3 1
2 28 0 1 0 3 1 2 0 1 50 3 1
2 29 0 1 0 4 1 2 0 1 50 3 1
2 30 0 1 0 5 1 2 0 1 50 3 1
2 31 1 1 0 0 0 2 0 1 100 3 1
2 32 1 1 0 1 0 2 0 1 100 3 1
2 33 1 1 0 2 0 2 0 1 100 3 1
2 34 0 1 0 3 0 2 0 1 100 3 1
2 35 0 1 0 4 0 2 0 1 100 3 1
2 36 0 1 0 5 0 2 0 1 100 3 1
2 37 1 1 0 0 1 3 0 1 1 3 1
2 38 1 1 0 1 1 3 0 1 1 3 1
2 39 1 1 0 2 1 3 0 1 1 3 1
2 40 0 1 0 3 1 3 0 1 1 3 1
2 41 0 1 0 4 1 3 0 1 1 3 1
2 42 0 1 0 5 1 3 0 1 1 3 1
2 43 1 1 0 0 0 3 0 1 50 3 1
2 44 1 1 0 1 0 3 0 1 50 3 1
2 45 1 1 0 2 0 3 0 1 50 3 1
2 46 0 1 0 3 0 3 0 1 50 3 1
2 47 0 1 0 4 0 3 0 1 50 3 1
2 48 0 1 0 5 0 3 0 1 50 3 1
2 49 1 1 0 0 1 4 0 1 100 3 1
2 50 1 1 0 1 1 4 0 1 100 3 1
2 51 1 1 0 2 1 4 0 1 100 3 1
2 52 0 1 0 3 1 4 0 1 100 3 1
2 53 0 1 0 4 1 4 0 1 100 3 1
2 54 0 1 0 5 1 4 0 1 100 3 1
2 55 1 1 0 0 0 4 0 1 1 3 1
2 56 1 1 0 1 0 4 0 1 1 3 1
2 57 1 1 0 2 0 4 0 1 1 3 1
2 58 0 1 0 3 0 4 0 1 1 3 1
2 59 0 1 0 4 0 4 0 1 1 3 1
2 60 0 1 0 5 0 4 0 1 1 3 1
2 61 1 1 0 0 1 5 0 1 50 3 1
2 62 1 1 0 1 1 5 0 1 50 3 1
2 63 1 1 0 2 1 5 0 1 50 3 1
2 64 0 1 0 3 1 5 0 1 50 3 1
2 65 0 1 0 4 1 5 0 1 50 3 1
2 66 0 1 0 5 1 5 0 1 50 3 1
2 67 1 1 0 0 0 5 0 1 100 3 1
2 68 1 1 0 1 0 5 0 1 100 3 1
2 69 1 1 0 2 0 5 0 1 100 3 1
2 70 0 1 0 3 0 5 0 1 100 3 1
2 71 0 1 0 4 0 5 0 1 100 3 1
2 72 0 1 0 5 0 5 0 1 100 3 1
2 73 1 1 0 0 1 6 0 1 1 3 1
2 74 1 1 0 1 1 6 0 1 1 3 1
2 75 1 1 0 2 1 6 0 1 1 3 1
2 76 0 1 0 3 1 6 0 1 1 3 1
2 77 0 1 0 4 1 6 0 1 1 3 1
2 78 0 1 0 5 1 6 0 1 1 3 1
2 79 1 1 0 0 0 6 0 1 50 3 1
2 80 1 1 0 1 0 6 0 1 50 3 1
2 81 1 1 0 2 0 6 0 1 50 3 1
2 82 0 1 0 3 0 6 0 1 50 3 1
2 83 0 1 0 4 0 6 0 1 50 3 1
2 84 0 1 0 5 0 6 0 1 50 3 1
2 85 1 1 0 0 1 7 0 1 100 3 1
2 86 1 1 0 1 1 7 0 1 100 3 1
2 87 1 1 0 2 1 7 0 1 100 3 1
2 88 0 1 0 3 1 7 0 1 100 3 1
2 89 0 1 0 4 1 7 0 1 100 3 1
2 90 0 1 0 5 1 7 0 1 100 3 1
2 91 1 1 0 0 0 7 0 1 1 3 1
2 92 1 1 0 1 0 7 0 1 1 3 1
2 93 1 1 0 2 0 7 0 1 1 3 1
2 94 0 1 0 3 0 7 0 1 1 3 1
2 95 0 1 0 4 0 7 0 1 1 3 1
2 96 0 1 0 5 0 7 0 1 1 3 1
2 97 1 1 0 0 1 8 0 1 50 3 1
2 98 1 1 0 1 1 8 0 1 50 3 1
2 99 1 1 0 2 1 8 0 1 50 3 1
2 100 0 1 0 3 1 8 0 1 50 3 1
2 101 0 1 0 4 1 8 0 1 50 3 1
2 102 0 1 0 5 1 8 0 1 50 3 1
2 103 1 1 0 0 0 8 0 1 100 3 1
2 104 1 1 0 1 0 8 0 1 100 3 1
2 105 1 1 0 2 0 8 0 1 100 3 1
2 106 0 1 0 3 0 8 0 1 100 3 1
2 107 0 1 0 4 0 8 0 1 100 3 1
2 108 0 1 0 5 0 8 0 1 100 3 1
2 109 1 1 0 0 1 9 0 1 1 3 1
2 110 1 1 0 1 1 9 0 1 1 3 1
2 111 1 1 0 2 1 9 0 1 1 3 1
2 112 0 1 0 3 1 9 0 1 1 3 1
2 113 0 1 0 4 1 9 0 1 1 3 1
2 114 0 1 0 5 1 9 0 1 1 3 1
2 115 1 1 0 0 0 9 0 1 50 3 1
2 116 1 1 0 1 0 9 0 1 50 3 1
2 117 1 1 0 2 0 9 0 1 50 3 1
2 118 0 1 0 3 0 9 0 1 50 3 1
2 119 0 1 0 4 0 9 0 1 50 3 1
2 120 0 1 0 5 0 9 0 1 50 3 1
2 121 1 1 0 0 1 10 0 1 100 3 1
2 122 1 1 0 1 1 10 0 1 100 3 1
2 123 1 1 0 2 1 10 0 1 100 3 1
2 124 0 1 0 3 1 10 0 1 100 3 1
2 125 0 1 0 4 1 10 0 1 100 3 1
2 126 0 1 0 5 1 10 0 1 100 3 1
2 127 1 1 0 0 0 10 0 1 1 3 1
2 128 1 1 0 1 0 10 0 1 1 3 1
2 129 1 1 0 2 0 10 0 1 1 3 1
2 130 0 1 0 3 0 10 0 1 1 3 1
2 131 0 1 0 4 0 10 0 1 1 3 1
2 132 0 1 0 5 0 10 0 1 1 3 1
2 133 1 1 0 0 1 11 0 1 50 3 1
2 134 1 1 0 1 1 11 0 1 50 3 1
2 135 1 1 0 2 1 11 0 1 50 3 1
2 136 0 1 0 3 1 11 0 1 50 3 1
2 137 0 1 0 4 1 11 0 1 50 3 1
2 138 0 1 0 5 1 11 0 1 50 3 1
2 139 1 1 0 0 0 11 0 1 100 3 1
2 140 1 1 0 1 0 11 0 1 100 3 1
2 141 1 1 0 2 0 11 0 1 100 3 1
2 142 0 1 0 3 0 11 0 1 100 3 1
2 143 0 1 0 4 0 11 0 1 100 3 1
2 144 0 1 0 5 0 11 0 1 100 3 1
2 145 1 1 0 0 1 12 0 1 1 3 1
2 146 1 1 0 1 1 12 0 1 1 3 1
2 147 1 1 0 2 1 12 0 1 1 3 1
2 148 0 1 0 3 1 12 0 1 1 3 1
2 149 0 1 0 4 1 12 0 1 1 3 1
2 150 0 1 0 5 1 12 0 1 1 3 1
2 151 1 1 0 0 0 12 0 1 50 3 1
2 152 1 1 0 1 0 12 0 1 50 3 1
2 153 1 1 0 2 0 12 0 1 50 3 1
2 154 0 1 0 3 0 12 0 1 50 3 1
2 155 0 1 0 4 0 12 0 1 50 3 1
2 156 0 1 0 5 0 12 0 1 50 3 1
2 157 1 1 0 0 1 13 0 1 100 3 1
2 158 1 1 0 1 1 13 0 1 100 3 1
2 159 1 1 0 2 1 13 0 1 100 3 1
2 160 0 1 0 3 1 13 0 1 100 3 1
2 161 0 1 0 4 1 13 0 1 100 3 1
2 162 0 1 0 5 1 13 0 1 100 3 1
2 163 1 1 0 0 0 13 0 1 1 3 1
2 164 1 1 0 1 0 13 0 1 1 3 1
2 165 1 1 0 2 0 13 0 1 1 3 1
2 166 0 1 0 3 0 13 0 1 1 3 1
2 167 0 1 0 4 0 13 0 1 1 3 1
2 168 0 1 0 5 0 13 0 1 1 3 1
2 169 1 1 0 0 1 14 0 1 50 3 1
2 170 1 1 0 1 1 14 0 1 50 3 1
2 171 1 1 0 2 1 14 0 1 50 3 1
2 172 0 1 0 3 1 14 0 1 50 3 1
2 173 0 1 0 4 1 14 0 1 50 3 1
2 174 0 1 0 5 1 14 0 1 50 3 1
2 175 1 1 0 0 0 14 0 1 100 3 1
2 176 1 1 0 1 0 14 0 1 100 3 1
2 177 1 1 0 2 0 14 0 1 100 3 1
2 178 0 1 0 3 0 14 0 1 100 3 1
2 179 0 1 0 4 0 14 0 1 100 3 1
2 180 0 1 0 5 0 15 1 1 100 3 1
2 181 1 1 0 0 1 15 1 1 1 3 1
2 182 1 1 0 1 1 15 1 1 1 3 1
2 183 1 1 0 2 1 15 1 1 1 3 1
2 184 0 1 0 3 1 15 1 1 1 3 1
2 185 0 1 0 4 1 15 1 1 1 3 1
2 186 0 1 0 5 1 15 1 1 1 3 1
2 187 1 1 0 0 0 15 1 1 50 3 1
2 188 1 1 0 1 0 15 1 1 50 3 1
2 189 1 1 0 2 0 15 1 1 50 3 1
2 190 0 1 0 3 0 15 1 1 50 3 1
2 191 0 1 0 4 0 15 1 1 50 3 1
2 192 0 1 0 5 0 15 1 1 50 3 1
2 193 1 1 0 0 1 16 1 1 100 3 1
2 194 1 1 0 1 1 16 1 1 100 3 1
2 195 1 1 0 2 1 16 1 1 100 3 1
2 196 0 1 0 3 1 16 1 1 100 3 1
2 197 0 1 0 4 1 16 1 1 100 3 1
2 198 0 1 0 5 1 16 1 1 100 3 1
2 199 1 1 0 0 0 16 1 1 1 3 1
2 200 1 1 0 1 0 16 1 1 1 3 1
2 201 1 1 0 2 0 16 1 1 1 3 1
2 202 0 1 0 3 0 16 1 1 1 3 1
2 203 0 1 0 4 0 16 1 1 1 3 1
2 204 0 1 0 5 0 16 1 1 1 3 1
2 205 1 1 0 0 1 17 1 1 50 3 1
2 206 1 1 0 1 1 17 1 1 50 3 1
2 207 1 1 0 2 1 17 1 1 50 3 1
2 208 0 1 0 3 1 17 1 1 50 3 1
2 209 0 1 0 4 1 17 1 1 50 3 1
2 210 0 1 0 5 1 17 1 1 50 3 1
2 211 1 1 0 0 0 17 1 1 100 3 1
2 212 1 1 0 1 0 17 1 1 100 3 1
2 213 1 1 0 2 0 17 1 1 100 3 1
2 214 0 1 0 3 0 17 1 1 100 3 1
2 215 0 1 0 4 0 17 1 1 100 3 1
2 216 0 1 0 5 0 17 1 1 100 3 1
2 217 1 1 0 0 1 18 1 1 1 3 1
2 218 1 1 0 1 1 18 1 1 1 3 1
2 219 1 1 0 2 1 18 1 1 1 3 1
2 220 0 1 0 3 1 18 1 1 1 3 1
2 221 0 1 0 4 1 18 1 1 1 3 1
2 222 0 1 0 5 1 18 1 1 1 3 1
2 223 1 1 0 0 0 18 1 1 50 3 1
2 224 1 1 0 1 0 18 1 1 50 3 1
2 225 1 1 0 2 0 18 1 1 50 3 1
2 226 0 1 0 3 0 18 1 1 50 3 1
2 227 0 1 0 4 0 18 1 1 50 3 1
2 228 0 1 0 5 0 18 1 1 50 3 1
2 229 1 1 0 0 1 19 1 1 100 3 1
2 230 1 1 0 1 1 19 1 1 100 3 1
2 231 1 1 0 2 1 19 1 1 100 3 1
2 232 0 1 0 3 1 19 1 1 100 3 1
2 233 0 1 0 4 1 19 1 1 100 3 1
2 234 0 1 0 5 1 19 1 1 100 3 1
2 235 1 1 0 0 0 19 1 1 1 3 1
2 236 1 1 0 1 0 19 1 1 1 3 1
2 237 1 1 0 2 0 19 1 1 1 3 1
2 238 0 1 0 3 0 19 1 1 1 3 1
2 239 0 1 0 4 0 19 1 1 1 3 1
2 240 0 1 0 5 0 19 1 1 1 3 1
2 241 1 1 0 0 1 20 1 1 50 3 1
2 242 1 1 0 1 1 20 1 1 50 3 1
2 243 1 1 0 2 1 20 1 1 50 3 1
2 244 0 1 0 3 1 20 1 1 50 3 1
2 245 0 1 0 4 1 20 1 1 50 3 1
2 246 0 1 0 5 1 20 1 1 50 3 1
2 247 1 1 0 0 0 20 1 1 100 3 1
2 248 1 1 0 1 0 20 1 1 100 3 1
2 249 1 1 0 2 0 20 1 1 100 3 1
2 250 0 1 0 3 0 20 1 1 100 3 1
2 251 0 1 0 4 0 20 1 1 100 3 1
2 252 0 1 0 5 0 20 1 1 100 3 1
2 253 1 1 0 0 1 20 1 1 1 3 1
2 254 1 1 0 1 1 20 1 1 1 3 1
2 255 1 1 0 2 1 20 1 1 1 3 1
2 256 0 1 0 3 1 20 1 1 1 3 1
2 257 0 1 0 4 1 20 1 1 1 3 1
2 258 0 1 0 5 1 20 1 1 1 3 1
2 259 1 1 0 0 0 21 1 1 50 3 1
2 260 1 1 0 1 0 21 1 1 50 3 1
2 261 1 1 0 2 0 21 1 1 50 3 1
2 262 0 1 0 3 0 21 1 1 50 3 1
2 263 0 1 0 4 0 21 1 1 50 3 1
2 264 0 1 0 5 0 21 1 1 50 3 1
2 265 1 1 0 0 1 21 1 1 100 3 1
2 266 1 1 0 1 1 21 1 1 100 3 1
2 267 1 1 0 2 1 21 1 1 100 3 1
2 268 0 1 0 3 1 21 1 1 100 3 1
2 269 0 1 0 4 1 21 1 1 100 3 1
2 270 0 1 0 5 1 21 1 1 100 3 1
2 271 1 1 0 0 0 21 1 1 1 3 1
2 272 1 1 0 1 0 21 1 1 1 3 1
2 273 1 1 0 2 0 21 1 1 1 3 1
2 274 0 1 0 3 0 21 1 1 1 3 1
2 275 0 1 0 4 0 21 1 1 1 3 1
2 276 0 1 0 5 0 21 1 1 1 3 1
2 277 1 1 0 0 1 22 1 1 50 3 1
2 278 1 1 0 1 1 22 1 1 50 3 1
2 279 1 1 0 2 1 22 1 1 50 3 1
2 280 0 1 0 3 1 22 1 1 50 3 1
2 281 0 1 0 4 1 22 1 1 50 3 1
2 282 0 1 0 5 1 22 1 1 50 3 1
2 283 1 1 0 0 0 22 1 1 100 3 1
2 284 1 1 0 1 0 22 1 1 100 3 1
2 285 1 1 0 2 0 22 1 1 100 3 1
2 286 0 1 0 3 0 22 1 1 100 3 1
2 287 0 1 0 4 0 22 1 1 100 3 1
2 288 0 1 0 5 0 22 1 1 100 3 1
2 289 1 1 0 0 1 23 1 1 1 3 1
2 290 1 1 0 1 1 23 1 1 1 3 1
2 291 1 1 0 2 1 23 1 1 1 3 1
2 292 0 1 0 3 1 23 1 1 1 3 1
2 293 0 1 0 4 1 23 1 1 1 3 1
2 294 0 1 0 5 1 23 1 1 1 3 1
2 295 1 1 0 0 0 23 1 1 50 3 1
2 296 1 1 0 1 0 23 1 1 50 3 1
2 297 1 1 0 2 0 23 1 1 50 3 1
2 298 0 1 0 3 0 23 1 1 50 3 1
2 299 0 1 0 4 0 23 1 1 50 3 1
2 300 0 1 0 5 0 23 1 1 50 3 1
3 1 1 1 0 0 1 0 0 1 1 3 1
3 2 1 1 0 1 1 0 0 1 1 3 1
3 3 1 1 0 2 1 0 0 1 1 3 1
3 4 0 1 0 3 1 0 0 1 1 3 1
3 5 0 1 0 4 1 0 0 1 1 3 1
3 6 0 1 0 5 1 0 0 1 1 3 1
3 7 1 1 0 0 0 0 0 1 50 3 1
3 8 1 1 0 1 0 0 0 1 50 3 1
3 9 1 1 0 2 0 0 0 1 50 3 1
3 10 0 1 0 3 0 0 0 1 50 3 1
3 11 0 1 0 4 0 0 0 1 50 3 1
3 12 0 1 0 5 0 0 0 1 50 3 1
3 13 1 1 0 0 1 1 0 1 100 3 1
3 14 1 1 0 1 1 1 0 1 100 3 1
3 15 1 1 0 2 1 1 0 1 100 3 1
3 16 0 1 0 3 1 1 0 1 100 3 1
3 17 0 1 0 4 1 1 0 1 100 3 1
3 18 0 1 0 5 1 1 0 1 100 3 1
3 19 1 1 0 0 0 1 0 1 1 3 1
3 20 1 1 0 1 0 1 0 1 1 3 1
3 21 1 1 0 2 0 1 0 1 1 3 1
3 22 0 1 0 3 0 1 0 1 1 3 1
3 23 0 1 0 4 0 1 0 1 1 3 1
3 24 0 1 0 5 0 1 0 1 1 3 1
3 25 1 1 0 0 1 2 0 1 50 3 1
3 26 1 1 0 1 1 2 0 1 50 3 1
3 27 1 1 0 2 1 2 0 1 50 3 1
3 28 0 1 0 3 1 2 0 1 50 3 1
3 29 0 1 0 4 1 2 0 1 50 3 1
3 30 0 1 0 5 1 2 0 1 50 3 1
3 31 1 1 0 0 0 2 0 1 100 3 1
3 32 1 1 0 1 0 2 0 1 100 3 1
3 33 1 1 0 2 0 2 0 1 100 3 1
3 34 0 1 0 3 0 2 0 1 100 3 1
3 35 0 1 0 4 0 2 0 1 100 3 1
3 36 0 1 0 5 0 2 0 1 100 3 1
3 37 1 1 0 0 1 3 0 1 1 3 1
3 38 1 1 0 1 1 3 0 1 1 3 1
3 39 1 1 0 2 1 3 0 1 1 3 1
3 40 0 1 0 3 1 3 0 1 1 3 1
3 41 0 1 0 4 1 3 0 1 1 3 1
3 42 0 1 0 5 1 3 0 1 1 3 1
3 43 1 1 0 0 0 3 0 1 50 3 1
3 44 1 1 0 1 0 3 0 1 50 3 1
3 45 1 1 0 2 0 3 0 1 50 3 1
3 46 0 1 0 3 0 3 0 1 50 3 1
3 47 0 1 0 4 0 3 0 1 50 3 1
3 48 0 1 0 5 0 3 0 1 50 3 1
3 49 1 1 0 0 1 4 0 1 100 3 1
3 50 1 1 0 1 1 4 0 1 100 3 1
3 51 1 1 0 2 1 4 0 1 100 3 1
3 52 0 1 0 3 1 4 0 1 100 3 1
3 53 0 1 0 4 1 4 0 1 100 3 1
3 54 0 1 0 5 1 4 0 1 100 3 1
3 55 1 1 0 0 0 4 0 1 1 3 1
3 56 1 1 0 1 0 4 0 1 1 3 1
3 57 1 1 0 2 0 4 0 1 1 3 1
3 58 0 1 0 3 0 4 0 1 1 3 1
3 59 0 1 0 4 0 4 0 1 1 3 1
3 60 0 1 0 5 0 4 0 1 1 3 1
3 61 1 1 0 0 1 5 0 1 50 3 1
3 62 1 1 0 1 1 5 0 1 50 3 1
3 63 1 1 0 2 1 5 0 1 50 3 1
3 64 0 1 0 3 1 5 0 1 50 3 1
3 65 0 1 0 4 1 5 0 1 50 3 1
3 66 0 1 0 5 1 5 0 1 50 3 1
3 67 1 1 0 0 0 5 0 1 100 3 1
3 68 1 1 0 1 0 5 0 1 100 3 1
3 69 1 1 0 2 0 5 0 1 100 3 1
3 70 0 1 0 3 0 5 0 1 100 3 1
3 71 0 1 0 4 0 5 0 1 100 3 1
3 72 0 1 0 5 0 5 0 1 100 3 1
3 73 1 1 0 0 1 6 0 1 1 3 1
3 74 1 1 0 1 1 6 0 1 1 3 1
3 75 1 1 0 2 1 6 0 1 1 3 1
3 76 0 1 0 3 1 6 0 1 1 3 1
3 77 0 1 0 4 1 6 0 1 1 3 1
3 78 0 1 0 5 1 6 0 1 1 3 1
3 79 1 1 0 0 0 6 0 1 50 3 1
3 80 1 1 0 1 0 6 0 1 50 3 1
3 81 1 1 0 2 0 6 0 1 50 3 1
3 82 0 1 0 3 0 6 0 1 50 3 1
3 83 0 1 0 4 0 6 0 1 50 3 1
3 84 0 1 0 5 0 6 0 1 50 3 1
3 85 1 1 0 0 1 7 0 1 100 3 1
3 86 1 1 0 1 1 7 0 1 100 3 1
3 87 1 1 0 2 1 7 0 1 100 3 1
3 88 0 1 0 3 1 7 0 1 100 3 1
3 89 0 1 0 4 1 7 0 1 100 3 1
3 90 0 1 0 5 1 7 0 1 100 3 1
3 91 1 1 0 0 0 7 0 1 1 3 1
3 92 1 1 0 1 0 7 0 1 1 3 1
3 93 1 1 0 2 0 7 0 1 1 3 1
3 94 0 1 0 3 0 7 0 1 1 3 1
3 95 0 1 0 4 0 7 0 1 1 3 1
3 96 0 1 0 5 0 7 0 1 1 3 1
3 97 1 1 0 0 1 8 0 1 50 3 1
3 98 1 1 0 1 1 8 0 1 50 3 1
3 99 1 1 0 2 1 8 0 1 50 3 1
3 100 0 1 0 3 1 8 0 1 50 3 1
3 101 0 1 0 4 1 8 0 1 50 3 1
3 102 0 1 0 5 1 8 0 1 50 3 1
3 103 1 1 0 0 0 8 0 1 100 3 1
3 104 1 1 0 1 0 8 0 1 100 3 1
3 105 1 1 0 2 0 8 0 1 100 3 1
3 106 0 1 0 3 0 8 0 1 100 3 1
3 107 0 1 0 4 0 8 0 1 100 3 1
3 108 0 1 0 5 0 8 0 1 100 3 1
3 109 1 1 0 0 1 9 0 1 1 3 1
3 110 1 1 0 1 1 9 0 1 1 3 1
3 111 1 1 0 2 1 9 0 1 1 3 1
3 112 0 1 0 3 1 9 0 1 1 3 1
3 113 0 1 0 4 1 9 0 1 1 3 1
3 114 0 1 0 5 1 9 0 1 1 3 1
3 115 1 1 0 0 0 9 0 1 50 3 1
3 116 1 1 0 1 0 9 0 1 50 3 1
3 117 1 1 0 2 0 9 0 1 50 3 1
3 118 0 1 0 3 0 9 0 1 50 3 1
3 119 0 1 0 4 0 9 0 1 50 3 1
3 120 0 1 0 5 0 9 0 1 50 3 1
3 121 1 1 0 0 1 10 0 1 100 3 1
3 122 1 1 0 1 1 10 0 1 100 3 1
3 123 1 1 0 2 1 10 0 1 100 3 1
3 124 0 1 0 3 1 10 0 1 100 3 1
3 125 0 1 0 4 1 10 0 1 100 3 1
3 126 0 1 0 5 1 10 0 1 100 3 1
3 127 1 1 0 0 0 10 0 1 1 3 1
3 128 1 1 0 1 0 10 0 1 1 3 1
3 129 1 1 0 2 0 10 0 1 1 3 1
3 130 0 1 0 3 0 10 0 1 1 3 1
3 131 0 1 0 4 0 10 0 1 1 3 1
3 132 0 1 0 5 0 10 0 1 1 3 1
3 133 1 1 0 0 1 11 0 1 50 3 1
3 134 1 1 0 1 1 11 0 1 50 3 1
3 135 1 1 0 2 1 11 0 1 50 3 1
3 136 0 1 0 3 1 11 0 1 50 3 1
3 137 0 1 0 4 1 11 0 1 50 3 1
3 138 0 1 0 5 1 11 0 1 50 3 1
3 139 1 1 0 0 0 11 0 1 100 3 1
3 140 1 1 0 1 0 11 0 1 100 3 1
3 141 1 1 0 2 0 11 0 1 100 3 1
3 142 0 1 0 3 0 11 0 1 100 3 1
3 143 0 1 0 4 0 11 0 1 100 3 1
3 144 0 1 0 5 0 11 0 1 100 3 1
3 145 1 1 0 0 1 12 0 1 1 3 1
3 146 1 1 0 1 1 12 0 1 1 3 1
3 147 1 1 0 2 1 12 0 1 1 3 1
3 148 0 1 0 3 1 12 0 1 1 3 1
3 149 0 1 0 4 1 12 0 1 1 3 1
3 150 0 1 0 5 1 12 0 1 1 3 1
3 151 1 1 0 0 0 12 0 1 50 3 1
3 152 1 1 0 1 0 12 0 1 50 3 1
3 153 1 1 0 2 0 12 0 1 50 3 1
3 154 0 1 0 3 0 12 0 1 50 3 1
3 155 0 1 0 4 0 12 0 1 50 3 1
3 156 0 1 0 5 0 12 0 1 50 3 1
3 157 1 1 0 0 1 13 0 1 100 3 1
3 158 1 1 0 1 1 13 0 1 100 3 1
3 159 1 1 0 2 1 13 0 1 100 3 1
3 160 0 1 0 3 1 13 0 1 100 3 1
3 161 0 1 0 4 1 13 0 1 100 3 1
3 162 0 1 0 5 1 13 0 1 100 3 1
3 163 1 1 0 0 0 13 0 1 1 3 1
3 164 1 1 0 1 0 13 0 1 1 3 1
3 165 1 1 0 2 0 13 0 1 1 3 1
3 166 0 1 0 3 0 13 0 1 1 3 1
3 167 0 1 0 4 0 13 0 1 1 3 1
3 168 0 1 0 5 0 13 0 1 1 3 1
3 169 1 1 0 0 1 14 0 1 50 3 1
3 170 1 1 0 1 1 14 0 1 50 3 1
3 171 1 1 0 2 1 14 0 1 50 3 1
3 172 0 1 0 3 1 14 0 1 50 3 1
3 173 0 1 0 4 1 14 0 1 50 3 1
3 174 0 1 0 5 1 14 0 1 50 3 1
3 175 1 1 0 0 0 14 0 1 100 3 1
3 176 1 1 0 1 0 14 0 1 100 3 1
3 177 1 1 0 2 0 14 0 1 100 3 1
3 178 0 1 0 3 0 14 0 1 100 3 1
3 179 0 1 0 4 0 14 0 1 100 3 1
3 180 0 1 0 5 0 15 1 1 100 3 1
3 181 1 1 0 0 1 15 1 1 1 3 1
3 182 1 1 0 1 1 15 1 1 1 3 1
3 183 1 1 0 2 1 15 1 1 1 3 1
3 184 0 1 0 3 1 15 1 1 1 3 1
3 185 0 1 0 4 1 15 1 1 1 3 1
3 186 0 1 0 5 1 15 1 1 1 3 1
3 187 1 1 0 0 0 15 1 1 50 3 1
3 188 1 1 0 1 0 15 1 1 50 3 1
3 189 1 1 0 2 0 15 1 1 50 3 1
3 190 0 1 0 3 0 15 1 1 50 3 1
3 191 0 1 0 4 0 15 1 1 50 3 1
3 192 0 1 0 5 0 15 1 1 50 3 1
3 193 1 1 0 0 1 16 1 1 100 3 1
3 194 1 1 0 1 1 16 1 1 100 3 1
3 195 1 1 0 2 1 16 1 1 100 3 1
3 196 0 1 0 3 1 16 1 1 100 3 1
3 197 0 1 0 4 1 16 1 1 100 3 1
3 198 0 1 0 5 1 16 1 1 100 3 1
3 199 1 1 0 0 0 16 1 1 1 3 1
3 200 1 1 0 1 0 16 1 1 1 3 1
3 201 1 1 0 2 0 16 1 1 1 3 1
3 202 0 1 0 3 0 16 1 1 1 3 1
3 203 0 1 0 4 0 16 1 1 1 3 1
3 204 0 1 0 5 0 16 1 1 1 3 1
3 205 1 1 0 0 1 17 1 1 50 3 1
3 206 1 1 0 1 1 17 1 1 50 3 1
3 207 1 1 0 2 1 17 1 1 50 3 1
3 208 0 1 0 3 1 17 1 1 50 3 1
3 209 0 1 0 4 1 17 1 1 50 3 1
3 210 0 1 0 5 1 17 1 1 50 3 1
3 211 1 1 0 0 0 17 1 1 100 3 1
3 212 1 1 0 1 0 17 1 1 100 3 1
3 213 1 1 0 2 0 17 1 1 100 3 1
3 214 0 1 0 3 0 17 1 1 100 3 1
3 215 0 1 0 4 0 17 1 1 100 3 1
3 216 0 1 0 5 0 17 1 1 100 3 1
3 217 1 1 0 0 1 18 1 1 1 3 1
3 218 1 1 0 1 1 18 1 1 1 3 1
3 219 1 1 0 2 1 18 1 1 1 3 1
3 220 0 1 0 3 1 18 1 1 1 3 1
3 221 0 1 0 4 1 18 1 1 1 3 1
3 222 0 1 0 5 1 18 1 1 1 3 1
3 223 1 1 0 0 0 18 1 1 50 3 1
3 224 1 1 0 1 0 18 1 1 50 3 1
3 225 1 1 0 2 0 18 1 1 50 3 1
3 226 0 1 0 3 0 18 1 1 50 3 1
3 227 0 1 0 4 0 18 1 1 50 3 1
3 228 0 1 0 5 0 18 1 1 50 3 1
3 229 1 1 0 0 1 19 1 1 100 3 1
3 230 1 1 0 1 1 19 1 1 100 3 1
3 231 1 1 0 2 1 19 1 1 100 3 1
3 232 0 1 0 3 1 19 1 1 100 3 1
3 233 0 1 0 4 1 19 1 1 100 3 1
3 234 0 1 0 5 1 19 1 1 100 3 1
3 235 1 1 0 0 0 19 1 1 1 3 1
3 236 1 1 0 1 0 19 1 1 1 3 1
3 237 1 1 0 2 0 19 1 1 1 3 1
3 238 0 1 0 3 0 19 1 1 1 3 1
3 239 0 1 0 4 0 19 1 1 1 3 1
3 240 0 1 0 5 0 19 1 1 1 3 1
3 241 1 1 0 0 1 20 1 1 50 3 1
3 242 1 1 0 1 1 20 1 1 50 3 1
3 243 1 1 0 2 1 20 1 1 50 3 1
3 244 0 1 0 3 1 20 1 1 50 3 1
3 245 0 1 0 4 1 20 1 1 50 3 1
3 246 0 1 0 5 1 20 1 1 50 3 1
3 247 1 1 0 0 0 20 1 1 100 3 1
3 248 1 1 0 1 0 20 1 1 100 3 1
3 249 1 1 0 2 0 20 1 1 100 3 1
3 250 0 1 0 3 0 20 1 1 100 3 1
3 251 0 1 0 4 0 20 1 1 100 3 1
3 252 0 1 0 5 0 20 1 1 100 3 1
3 253 1 1 0 0 1 20 1 1 1 3 1
3 254 1 1 0 1 1 20 1 1 1 3 1
3 255 1 1 0 2 1 20 1 1 1 3 1
3 256 0 1 0 3 1 20 1 1 1 3 1
3 257 0 1 0 4 1 20 1 1 1 3 1
3 258 0 1 0 5 1 20 1 1 1 3 1
3 259 1 1 0 0 0 21 1 1 50 3 1
3 260 1 1 0 1 0 21 1 1 50 3 1
3 261 1 1 0 2 0 21 1 1 50 3 1
3 262 0 1 0 3 0 21 1 1 50 3 1
3 263 0 1 0 4 0 21 1 1 50 3 1
3 264 0 1 0 5 0 21 1 1 50 3 1
3 265 1 1 0 0 1 21 1 1 100 3 1
3 266 1 1 0 1 1 21 1 1 100 3 1
3 267 1 1 0 2 1 21 1 1 100 3 1
3 268 0 1 0 3 1 21 1 1 100 3 1
3 269 0 1 0 4 1 21 1 1 100 3 1
3 270 0 1 0 5 1 21 1 1 100 3 1
3 271 1 1 0 0 0 21 1 1 1 3 1
3 272 1 1 0 1 0 21 1 1 1 3 1
3 273 1 1 0 2 0 21 1 1 1 3 1
3 274 0 1 0 3 0 21 1 1 1 3 1
3 275 0 1 0 4 0 21 1 1 1 3 1
3 276 0 1 0 5 0 21 1 1 1 3 1
3 277 1 1 0 0 1 22 1 1 50 3 1
3 278 1 1 0 1 1 22 1 1 50 3 1
3 279 1 1 0 2 1 22 1 1 50 3 1
3 280 0 1 0 3 1 22 1 1 50 3 1
3 281 0 1 0 4 1 22 1 1 50 3 1
3 282 0 1 0 5 1 22 1 1 50 3 1
3 283 1 1 0 0 0 22 1 1 100 3 1
3 284 1 1 0 1 0 22 1 1 100 3 1
3 285 1 1 0 2 0 22 1 1 100 3 1
3 286 0 1 0 3 0 22 1 1 100 3 1
3 287 0 1 0 4 0 22 1 1 100 3 1
3 288 0 1 0 5 0 22 1 1 100 3 1
3 289 1 1 0 0 1 23 1 1 1 3 1
3 290 1 1 0 1 1 23 1 1 1 3 1
3 291 1 1 0 2 1 23 1 1 1 3 1
3 292 0 1 0 3 1 23 1 1 1 3 1
3 293 0 1 0 4 1 23 1 1 1 3 1
3 294 0 1 0 5 1 23 1 1 1 3 1
3 295 1 1 0 0 0 23 1 1 50 3 1
3 296 1 1 0 1 0 23 1 1 50 3 1
3 297 1 1 0 2 0 23 1 1 50 3 1
3 298 0 1 0 3 0 23 1 1 50 3 1
3 299 0 1 0 4 0 23 1 1 50 3 1
3 300 0 1 0 5 0 23 1 1 50 3 1
4 1 1 1 0 0 1 0 0 1 1 3 1
4 2 1 1 0 1 1 0 0 1 1 3 1
4 3 1 1 0 2 1 0 0 1 1 3 1
4 4 0 1 0 3 1 0 0 1 1 3 1
4 5 0 1 0 4 1 0 0 1 1 3 1
4 6 0 1 0 5 1 0 0 1 1 3 1
4 7 1 1 0 0 0 0 0 1 50 3 1
4 8 1 1 0 1 0 0 0 1 50 3 1
4 9 1 1 0 2 0 0 0 1 50 3 1
4 10 0 1 0 3 0 0 0 1 50 3 1
4 11 0 1 0 4 0 0 0 1 50 3 1
4 12 0 1 0 5 0 0 0 1 50 3 1
4 13 1 1 0 0 1 1 0 1 100 3 1
4 14 1 1 0 1 1 1 0 1 100 3 1
4 15 1 1 0 2 1 1 0 1 100 3 1
4 16 0 1 0 3 1 1 0 1 100 3 1
4 17 0 1 0 4 1 1 0 1 100 3 1
4 18 0 1 0 5 1 1 0 1 100 3 1
4 19 1 1 0 0 0 1 0 1 1 3 1
4 20 1 1 0 1 0 1 0 1 1 3 1
4 21 1 1 0 2 0 1 0 1 1 3 1
4 22 0 1 0 3 0 1 0 1 1 3 1
4 23 0 1 0 4 0 1 0 1 1 3 1
4 24 0 1 0 5 0 1 0 1 1 3 1
4 25 1 1 0 0 1 2 0 1 50 3 1
4 26 1 1 0 1 1 2 0 1 50 3 1
4 27 1 1 0 2 1 2 0 1 50 3 1
4 28 0 1 0 3 1 2 0 1 50 3 1
4 29 0 1 0 4 1 2 0 1 50 3 1
4 30 0 1 0 5 1 2 0 1 50 3 1
4 31 1 1 0 0 0 2 0 1 100 3 1
4 32 1 1 0 1 0 2 0 1 100 3 1
4 33 1 1 0 2 0 2 0 1 100 3 1
4 34 0 1 0 3 0 2 0 1 100 3 1
4 35 0 1 0 4 0 2 0 1 100 3 1
4 36 0 1 0 5 0 2 0 1 100 3 1
4 37 1 1 0 0 1 3 0 1 1 3 1
4 38 1 1 0 1 1 3 0 1 1 3 1
4 39 1 1 0 2 1 3 0 1 1 3 1
4 40 0 1 0 3 1 3 0 1 1 3 1
4 41 0 1 0 4 1 3 0 1 1 3 1
4 42 0 1 0 5 1 3 0 1 1 3 1
4 43 1 1 0 0 0 3 0 1 50 3 1
4 44 1 1 0 1 0 3 0 1 50 3 1
4 45 1 1 0 2 0 3 0 1 50 3 1
4 46 0 1 0 3 0 3 0 1 50 3 1
4 47 0 1 0 4 0 3 0 1 50 3 1
4 48 0 1 0 5 0 3 0 1 50 3 1
4 49 1 1 0 0 1 4 0 1 100 3 1
4 50 1 1 0 1 1 4 0 1 100 3 1
4 51 1 1 0 2 1 4 0 1 100 3 1
4 52 0 1 0 3 1 4 0 1 100 3 1
4 53 0 1 0 4 1 4 0 1 100 3 1
4 54 0 1 0 5 1 4 0 1 100 3 1
4 55 1 1 0 0 0 4 0 1 1 3 1
4 56 1 1 0 1 0 4 0 1 1 3 1
4 57 1 1 0 2 0 4 0 1 1 3 1
4 58 0 1 0 3 0 4 0 1 1 3 1
4 59 0 1 0 4 0 4 0 1 1 3 1
4 60 0 1 0 5 0 4 0 1 1 3 1
4 61 1 1 0 0 1 5 0 1 50 3 1
4 62 1 1 0 1 1 5 0 1 50 3 1
4 63 1 1 0 2 1 5 0 1 50 3 1
4 64 0 1 0 3 1 5 0 1 50 3 1
4 65 0 1 0 4 1 5 0 1 50 3 1
4 66 0 1 0 5 1 5 0 1 50 3 1
4 67 1 1 0 0 0 5 0 1 100 3 1
4 68 1 1 0 1 0 5 0 1 100 3 1
4 69 1 1 0 2 0 5 0 1 100 3 1
4 70 0 1 0 3 0 5 0 1 100 3 1
4 71 0 1 0 4 0 5 0 1 100 3 1
4 72 0 1 0 5 0 5 0 1 100 3 1
4 73 1 1 0 0 1 6 0 1 1 3 1
4 74 1 1 0 1 1 6 0 1 1 3 1
4 75 1 1 0 2 1 6 0 1 1 3 1
4 76 0 1 0 3 1 6 0 1 1 3 1
4 77 0 1 0 4 1 6 0 1 1 3 1
4 78 0 1 0 5 1 6 0 1 1 3 1
4 79 1 1 0 0 0 6 0 1 50 3 1
4 80 1 1 0 1 0 6 0 1 50 3 1
4 81 1 1 0 2 0 6 0 1 50 3 1
4 82 0 1 0 3 0 6 0 1 50 3 1
4 83 0 1 0 4 0 6 0 1 50 3 1
4 84 0 1 0 5 0 6 0 1 50 3 1
4 85 1 1 0 0 1 7 0 1 100 3 1
4 86 1 1 0 1 1 7 0 1 100 3 1
4 87 1 1 0 2 1 7 0 1 100 3 1
4 88 0 1 0 3 1 7 0 1 100 3 1
4 89 0 1 0 4 1 7 0 1 100 3 1
4 90 0 1 0 5 1 7 0 1 100 3 1
4 91 1 1 0 0 0 7 0 1 1 3 1
4 92 1 1 0 1 0 7 0 1 1 3 1
4 93 1 1 0 2 0 7 0 1 1 3 1
4 94 0 1 0 3 0 7 0 1 1 3 1
4 95 0 1 0 4 0 7 0 1 1 3 1
4 96 0 1 0 5 0 7 0 1 1 3 1
4 97 1 1 0 0 1 8 0 1 50 3 1
4 98 1 1 0 1 1 8 0 1 50 3 1
4 99 1 1 0 2 1 8 0 1 50 3 1
4 100 0 1 0 3 1 8 0 1 50 3 1
4 101 0 1 0 4 1 8 0 1 50 3 1
4 102 0 1 0 5 1 8 0 1 50 3 1
4 103 1 1 0 0 0 8 0 1 100 3 1
4 104 1 1 0 1 0 8 0 1 100 3 1
4 105 1 1 0 2 0 8 0 1 100 3 1
4 106 0 1 0 3 0 8 0 1 100 3 1
4 107 0 1 0 4 0 8 0 1 100 3 1
4 108 0 1 0 5 0 8 0 1 100 3 1
4 109 1 1 0 0 1 9 0 1 1 3 1
4 110 1 1 0 1 1 9 0 1 1 3 1
4 111 1 1 0 2 1 9 0 1 1 3 1
4 112 0 1 0 3 1 9 0 1 1 3 1
4 113 0 1 0 4 1 9 0 1 1 3 1
4 114 0 1 0 5 1 9 0 1 1 3 1
4 115 1 1 0 0 0 9 0 1 50 3 1
4 116 1 1 0 1 0 9 0 1 50 3 1
4 117 1 1 0 2 0 9 0 1 50 3 1
4 118 0 1 0 3 0 9 0 1 50 3 1
4 119 0 1 0 4 0 9 0 1 50 3 1
4 120 0 1 0 5 0 9 0 1 50 3 1
4 121 1 1 0 0 1 10 0 1 100 3 1
4 122 1 1 0 1 1 10 0 1 100 3 1
4 123 1 1 0 2 1 10 0 1 100 3 1
4 124 0 1 0 3 1 10 0 1 100 3 1
4 125 0 1 0 4 1 10 0 1 100 3 1
4 126 0 1 0 5 1 10 0 1 100 3 1
4 127 1 1 0 0 0 10 0 1 1 3 1
4 128 1 1 0 1 0 10 0 1 1 3 1
4 129 1 1 0 2 0 10 0 1 1 3 1
4 130 0 1 0 3 0 10 0 1 1 3 1
4 131 0 1 0 4 0 10 0 1 1 3 1
4 132 0 1 0 5 0 10 0 1 1 3 1
4 133 1 1 0 0 1 11 0 1 50 3 1
4 134 1 1 0 1 1 11 0 1 50 3 1
4 135 1 1 0 2 1 11 0 1 50 3 1
4 136 0 1 0 3 1 11 0 1 50 3 1
4 137 0 1 0 4 1 11 0 1 50 3 1
4 138 0 1 0 5 1 11 0 1 50 3 1
4 139 1 1 0 0 0 11 0 1 100 3 1
4 140 1 1 0 1 0 11 0 1 100 3 1
4 141 1 1 0 2 0 11 0 1 100 3 1
4 142 0 1 0 3 0 11 0 1 100 3 1
4 143 0 1 0 4 0 11 0 1 100 3 1
4 144 0 1 0 5 0 11 0 1 100 3 1
4 145 1 1 0 0 1 12 0 1 1 3 1
4 146 1 1 0 1 1 12 0 1 1 3 1
4 147 1 1 0 2 1 12 0 1 1 3 1
4 148 0 1 0 3 1 12 0 1 1 3 1
4 149 0 1 0 4 1 12 0 1 1 3 1
4 150 0 1 0 5 1 12 0 1 1 3 1
4 151 1 1 0 0 0 12 0 1 50 3 1
4 152 1 1 0 1 0 12 0 1 50 3 1
4 153 1 1 0 2 0 12 0 1 50 3 1
4 154 0 1 0 3 0 12 0 1 50 3 1
4 155 0 1 0 4 0 12 0 1 50 3 1
4 156 0 1 0 5 0 12 0 1 50 3 1
4 157 1 1 0 0 1 13 0 1 100 3 1
4 158 1 1 0 1 1 13 0 1 100 3 1
4 159 1 1 0 2 1 13 0 1 100 3 1
4 160 0 1 0 3 1 13 0 1 100 3 1
4 161 0 1 0 4 1 13 0 1 100 3 1
4 162 0 1 0 5 1 13 0 1 100 3 1
4 163 1 1 0 0 0 13 0 1 1 3 1
4 164 1 1 0 1 0 13 0 1 1 3 1
4 165 1 1 0 2 0 13 0 1 1 3 1
4 166 0 1 0 3 0 13 0 1 1 3 1
4 167 0 1 0 4 0 13 0 1 1 3 1
4 168 0 1 0 5 0 13 0 1 1 3 1
4 169 1 1 0 0 1 14 0 1 50 3 1
4 170 1 1 0 1 1 14 0 1 50 3 1
4 171 1 1 0 2 1 14 0 1 50 3 1
4 172 0 1 0 3 1 14 0 1 50 3 1
4 173 0 1 0 4 1 14 0 1 50 3 1
4 174 0 1 0 5 1 14 0 1 50 3 1
4 175 1 1 0 0 0 14 0 1 100 3 1
4 176 1 1 0 1 0 14 0 1 100 3 1
4 177 1 1 0 2 0 14 0 1 100 3 1
4 178 0 1 0 3 0 14 0 1 100 3 1
4 179 0 1 0 4 0 14 0 1 100 3 1
4 180 0 1 0 5 0 15 1 1 100 3 1
4 181 1 1 0 0 1 15 1 1 1 3 1
4 182 1 1 0 1 1 15 1 1 1 3 1
4 183 1 1 0 2 1 15 1 1 1 3 1
4 184 0 1 0 3 1 15 1 1 1 3 1
4 185 0 1 0 4 1 15 1 1 1 3 1
4 186 0 1 0 5 1 15 1 1 1 3 1
4 187 1 1 0 0 0 15 1 1 50 3 1
4 188 1 1 0 1 0 15 1 1 50 3 1
4 189 1 1 0 2 0 15 1 1 50 3 1
4 190 0 1 0 3 0 15 1 1 50 3 1
4 191 0 1 0 4 0 15 1 1 50 3 1
4 192 0 1 0 5 0 15 1 1 50 3 1
4 193 1 1 0 0 1 16 1 1 100 3 1
4 194 1 1 0 1 1 16 1 1 100 3 1
4 195 1 1 0 2 1 16 1 1 100 3 1
4 196 0 1 0 3 1 16 1 1 100 3 1
4 197 0 1 0 4 1 16 1 1 100 3 1
4 198 0 1 0 5 1 16 1 1 100 3 1
4 199 1 1 0 0 0 16 1 1 1 3 1
4 200 1 1 0 1 0 16 1 1 1 3 1
4 201 1 1 0 2 0 16 1 1 1 3 1
4 202 0 1 0 3 0 16 1 1 1 3 1
4 203 0 1 0 4 0 16 1 1 1 3 1
4 204 0 1 0 5 0 16 1 1 1 3 1
4 205 1 1 0 0 1 17 1 1 50 3 1
4 206 1 1 0 1 1 17 1 1 50 3 1
4 207 1 1 0 2 1 17 1 1 50 3 1
4 208 0 1 0 3 1 17 1 1 50 3 1
4 209 0 1 0 4 1 17 1 1 50 3 1
4 210 0 1 0 5 1 17 1 1 50 3 1
4 211 1 1 0 0 0 17 1 1 100 3 1
4 212 1 1 0 1 0 17 1 1 100 3 1
4 213 1 1 0 2 0 17 1 1 100 3 1
4 214 0 1 0 3 0 17 1 1 100 3 1
4 215 0 1 0 4 0 17 1 1 100 3 1
4 216 0 1 0 5 0 17 1 1 100 3 1
4 217 1 1 0 0 1 18 1 1 1 3 1
4 218 1 1 0 1 1 18 1 1 1 3 1
4 219 1 1 0 2 1 18 1 1 1 3 1
4 220 0 1 0 3 1 18 1 1 1 3 1
4 221 0 1 0 4 1 18 1 1 1 3 1
4 222 0 1 0 5 1 18 1 1 1 3 1
4 223 1 1 0 0 0 18 1 1 50 3 1
4 224 1 1 0 1 0 18 1 1 50 3 1
4 225 1 1 0 2 0 18 1 1 50 3 1
4 226 0 1 0 3 0 18 1 1 50 3 1
4 227 0 1 0 4 0 18 1 1 50 3 1
4 228 0 1 0 5 0 18 1 1 50 3 1
4 229 1 1 0 0 1 19 1 1 100 3 1
4 230 1 1 0 1 1 19 1 1 100 3 1
4 231 1 1 0 2 1 19 1 1 100 3 1
4 232 0 1 0 3 1 19 1 1 100 3 1
4 233 0 1 0 4 1 19 1 1 100 3 1
4 234 0 1 0 5 1 19 1 1 100 3 1
4 235 1 1 0 0 0 19 1 1 1 3 1
4 236 1 1 0 1 0 19 1 1 1 3 1
4 237 1 1 0 2 0 19 1 1 1 3 1
4 238 0 1 0 3 0 19 1 1 1 3 1
4 239 0 1 0 4 0 19 1 1 1 3 1
4 240 0 1 0 5 0 19 1 1 1 3 1
4 241 1 1 0 0 1 20 1 1 50 3 1
4 242 1 1 0 1 1 20 1 1 50 3 1
4 243 1 1 0 2 1 20 1 1 50 3 1
4 244 0 1 0 3 1 20 1 1 50 3 1
4 245 0 1 0 4 1 20 1 1 50 3 1
4 246 0 1 0 5 1 20 1 1 50 3 1
4 247 1 1 0 0 0 20 1 1 100 3 1
4 248 1 1 0 1 0 20 1 1 100 3 1
4 249 1 1 0 2 0 20 1 1 100 3 1
4 250 0 1 0 3 0 20 1 1 100 3 1
4 251 0 1 0 4 0 20 1 1 100 3 1
4 252 0 1 0 5 0 20 1 1 100 3 1
4 253 1 1 0 0 1 20 1 1 1 3 1
4 254 1 1 0 1 1 20 1 1 1 3 1
4 255 1 1 0 2 1 20 1 1 1 3 1
4 256 0 1 0 3 1 20 1 1 1 3 1
4 257 0 1 0 4 1 20 1 1 1 3 1
4 258 0 1 0 5 1 20 1 1 1 3 1
4 259 1 1 0 0 0 21 1 1 50 3 1
4 260 1 1 0 1 0 21 1 1 50 3 1
4 261 1 1 0 2 0 21 1 1 50 3 1
4 262 0 1 0 3 0 21 1 1 50 3 1
4 263 0 1 0 4 0 21 1 1 50 3 1
4 264 0 1 0 5 0 21 1 1 50 3 1
4 265 1 1 0 0 1 21 1 1 100 3 1
4 266 1 1 0 1 1 21 1 1 100 3 1
4 267 1 1 0 2 1 21 1 1 100 3 1
4 268 0 1 0 3 1 21 1 1 100 3 1
4 269 0 1 0 4 1 21 1 1 100 3 1
4 270 0 1 0 5 1 21 1 1 100 3 1
4 271 1 1 0 0 0 21 1 1 1 3 1
4 272 1 1 0 1 0 21 1 1 1 3 1
4 273 1 1 0 2 0 21 1 1 1 3 1
4 274 0 1 0 3 0 21 1 1 1 3 1
4 275 0 1 0 4 0 21 1 1 1 3 1
4 276 0 1 0 5 0 21 1 1 1 3 1
4 277 1 1 0 0 1 22 1 1 50 3 1
4 278 1 1 0 1 1 22 1 1 50 3 1
4 279 1 1 0 2 1 22 1 1 50 3 1
4 280 0 1 0 3 1 22 1 1 50 3 1
4 281 0 1 0 4 1 22 1 1 50 3 1
4 282 0 1 0 5 1 22 1 1 50 3 1
4 283 1 1 0 0 0 22 1 1 100 3 1
4 284 1 1 0 1 0 22 1 1 100 3 1
4 285 1 1 0 2 0 22 1 1 100 3 1
4 286 0 1 0 3 0 22 1 1 100 3 1
4 287 0 1 0 4 0 22 1 1 100 3 1
4 288 0 1 0 5 0 22 1 1 100 3 1
4 289 1 1 0 0 1 23 1 1 1 3 1
4 290 1 1 0 1 1 23 1 1 1 3 1
4 291 1 1 0 2 1 23 1 1 1 3 1
4 292 0 1 0 3 1 23 1 1 1 3 1
4 293 0 1 0 4 1 23 1 1 1 3 1
4 294 0 1 0 5 1 23 1 1 1 3 1
4 295 1 1 0 0 0 23 1 1 50 3 1
4 296 1 1 0 1 0 23 1 1 50 3 1
4 297 1 1 0 2 0 23 1 1 50 3 1
4 298 0 1 0 3 0 23 1 1 50 3 1
4 299 0 1 0 4 0 23 1 1 50 3 1
4 300 0 1 0 5 0 23 1 1 50 3 1
5 1 1 1 0 0 1 0 0 1 1 3 1
5 2 1 1 0 1 1 0 0 1 1 3 1
5 3 1 1 0 2 1 0 0 1 1 3 1
5 4 0 1 0 3 1 0 0 1 1 3 1
5 5 0 1 0 4 1 0 0 1 1 3 1
5 6 0 1 0 5 1 0 0 1 1 3 1
5 7 1 1 0 0 0 0 0 1 50 3 1
5 8 1 1 0 1 0 0 0 1 50 3 1
5 9 1 1 0 2 0 0 0 1 50 3 1
5 10 0 1 0 3 0 0 0 1 50 3 1
5 11 0 1 0 4 0 0 0 1 50 3 1
5 12 0 1 0 5 0 0 0 1 50 3 1
5 13 1 1 0 0 1 1 0 1 100 3 1
5 14 1 1 0 1 1 1 0 1 100 3 1
5 15 1 1 0 2 1 1 0 1 100 3 1
5 16 0 1 0 3 1 1 0 1 100 3 1
5 17 0 1 0 4 1 1 0 1 100 3 1
5 18 0 1 0 5 1 1 0 1 100 3 1
5 19 1 1 0 0 0 1 0 1 1 3 1
5 20 1 1 0 1 0 1 0 1 1 3 1
5 21 1 1 0 2 0 1 0 1 1 3 1
5 22 0 1 0 3 0 1 0 1 1 3 1
5 23 0 1 0 4 0 1 0 1 1 3 1
5 24 0 1 0 5 0 1 0 1 1 3 1
5 25 1 1 0 0 1 2 0 1 50 3 1
5 26 1 1 0 1 1 2 0 1 50 3 1
5 27 1 1 0 2 1 2 0 1 50 3 1
5 28 0 1 0 3 1 2 0 1 50 3 1
5 29 0 1 0 4 1 2 0 1 50 3 1
5 30 0 1 0 5 1 2 0 1 50 3 1
5 31 1 1 0 0 0 2 0 1 100 3 1
5 32 1 1 0 1 0 2 0 1 100 3 1
5 33 1 1 0 2 0 2 0 1 100 3 1
5 34 0 1 0 3 0 2 0 1 100 3 1
5 35 0 1 0 4 0 2 0 1 100 3 1
5 36 0 1 0 5 0 2 0 1 100 3 1
5 37 1 1 0 0 1 3 0 1 1 3 1
5 38 1 1 0 1 1 3 0 1 1 3 1
5 39 1 1 0 2 1 3 0 1 1 3 1
5 40 0 1 0 3 1 3 0 1 1 3 1
5 41 0 1 0 4 1 3 0 1 1 3 1
5 42 0 1 0 5 1 3 0 1 1 3 1
5 43 1 1 0 0 0 3 0 1 50 3 1
5 44 1 1 0 1 0 3 0 1 50 3 1
5 45 1 1 0 2 0 3 0 1 50 3 1
5 46 0 1 0 3 0 3 0 1 50 3 1
5 47 0 1 0 4 0 3 0 1 50 3 1
5 48 0 1 0 5 0 3 0 1 50 3 1
5 49 1 1 0 0 1 4 0 1 100 3 1
5 50 1 1 0 1 1 4 0 1 100 3 1
5 51 1 1 0 2 1 4 0 1 100 3 1
5 52 0 1 0 3 1 4 0 1 100 3 1
5 53 0 1 0 4 1 4 0 1 100 3 1
5 54 0 1 0 5 1 4 0 1 100 3 1
5 55 1 1 0 0 0 4 0 1 1 3 1
5 56 1 1 0 1 0 4 0 1 1 3 1
5 57 1 1 0 2 0 4 0 1 1 3 1
5 58 0 1 0 3 0 4 0 1 1 3 1
5 59 0 1 0 4 0 4 0 1 1 3 1
5 60 0 1 0 5 0 4 0 1 1 3 1
5 61 1 1 0 0 1 5 0 1 50 3 1
5 62 1 1 0 1 1 5 0 1 50 3 1
5 63 1 1 0 2 1 5 0 1 50 3 1
5 64 0 1 0 3 1 5 0 1 50 3 1
5 65 0 1 0 4 1 5 0 1 50 3 1
5 66 0 1 0 5 1 5 0 1 50 3 1
5 67 1 1 0 0 0 5 0 1 100 3 1
5 68 1 1 0 1 0 5 0 1 100 3 1
5 69 1 1 0 2 0 5 0 1 100 3 1
5 70 0 1 0 3 0 5 0 1 100 3 1
5 71 0 1 0 4 0 5 0 1 100 3 1
5 72 0 1 0 5 0 5 0 1 100 3 1
5 73 1 1 0 0 1 6 0 1 1 3 1
5 74 1 1 0 1 1 6 0 1 1 3 1
5 75 1 1 0 2 1 6 0 1 1 3 1
5 76 0 1 0 3 1 6 0 1 1 3 1
5 77 0 1 0 4 1 6 0 1 1 3 1
5 78 0 1 0 5 1 6 0 1 1 3 1
5 79 1 1 0 0 0 6 0 1 50 3 1
5 80 1 1 0 1 0 6 0 1 50 3 1
5 81 1 1 0 2 0 6 0 1 50 3 1
5 82 0 1 0 3 0 6 0 1 50 3 1
5 83 0 1 0 4 0 6 0 1 50 3 1
5 84 0 1 0 5 0 6 0 1 50 3 1
5 85 1 1 0 0 1 7 0 1 100 3 1
5 86 1 1 0 1 1 7 0 1 100 3 1
5 87 1 1 0 2 1 7 0 1 100 3 1
5 88 0 1 0 3 1 7 0 1 100 3 1
5 89 0 1 0 4 1 7 0 1 100 3 1
5 90 0 1 0 5 1 7 0 1 100 3 1
5 91 1 1 0 0 0 7 0 1 1 3 1
5 92 1 1 0 1 0 7 0 1 1 3 1
5 93 1 1 0 2 0 7 0 1 1 3 1
5 94 0 1 0 3 0 7 0 1 1 3 1
5 95 0 1 0 4 0 7 0 1 1 3 1
5 96 0 1 0 5 0 7 0 1 1 3 1
5 97 1 1 0 0 1 8 0 1 50 3 1
5 98 1 1 0 1 1 8 0 1 50 3 1
5 99 1 1 0 2 1 8 0 1 50 3 1
5 100 0 1 0 3 1 8 0 1 50 3 1
5 101 0 1 0 4 1 8 0 1 50 3 1
5 102 0 1 0 5 1 8 0 1 50 3 1
5 103 1 1 0 0 0 8 0 1 100 3 1
5 104 1 1 0 1 0 8 0 1 100 3 1
5 105 1 1 0 2 0 8 0 1 100 3 1
5 106 0 1 0 3 0 8 0 1 100 3 1
5 107 0 1 0 4 0 8 0 1 100 3 1
5 108 0 1 0 5 0 8 0 1 100 3 1
5 109 1 1 0 0 1 9 0 1 1 3 1
5 110 1 1 0 1 1 9 0 1 1 3 1
5 111 1 1 0 2 1 9 0 1 1 3 1
5 112 0 1 0 3 1 9 0 1 1 3 1
5 113 0 1 0 4 1 9 0 1 1 3 1
5 114 0 1 0 5 1 9 0 1 1 3 1
5 115 1 1 0 0 0 9 0 1 50 3 1
5 116 1 1 0 1 0 9 0 1 50 3 1
5 117 1 1 0 2 0 9 0 1 50 3 1
5 118 0 1 0 3 0 9 0 1 50 3 1
5 119 0 1 0 4 0 9 0 1 50 3 1
5 120 0 1 0 5 0 9 0 1 50 3 1
5 121 1 1 0 0 1 10 0 1 100 3 1
5 122 1 1 0 1 1 10 0 1 100 3 1
5 123 1 1 0 2 1 10 0 1 100 3 1
5 124 0 1 0 3 1 10 0 1 100 3 1
5 125 0 1 0 4 1 10 0 1 100 3 1
5 126 0 1 0 5 1 10 0 1 100 3 1
5 127 1 1 0 0 0 10 0 1 1 3 1
5 128 1 1 0 1 0 10 0 1 1 3 1
5 129 1 1 0 2 0 10 0 1 1 3 1
5 130 0 1 0 3 0 10 0 1 1 3 1
5 131 0 1 0 4 0 10 0 1 1 3 1
5 132 0 1 0 5 0 10 0 1 1 3 1
5 133 1 1 0 0 1 11 0 1 50 3 1
5 134 1 1 0 1 1 11 0 1 50 3 1
5 135 1 1 0 2 1 11 0 1 50 3 1
5 136 0 1 0 3 1 11 0 1 50 3 1
5 137 0 1 0 4 1 11 0 1 50 3 1
5 138 0 1 0 5 1 11 0 1 50 3 1
5 139 1 1 0 0 0 11 0 1 100 3 1
5 140 1 1 0 1 0 11 0 1 100 3 1
5 141 1 1 0 2 0 11 0 1 100 3 1
5 142 0 1 0 3 0 11 0 1 100 3 1
5 143 0 1 0 4 0 11 0 1 100 3 1
5 144 0 1 0 5 0 11 0 1 100 3 1
5 145 1 1 0 0 1 12 0 1 1 3 1
5 146 1 1 0 1 1 12 0 1 1 3 1
5 147 1 1 0 2 1 12 0 1 1 3 1
5 148 0 1 0 3 1 12 0 1 1 3 1
5 149 0 1 0 4 1 12 0 1 1 3 1
5 150 0 1 0 5 1 12 0 1 1 3 1
5 151 1 1 0 0 0 12 0 1 50 3 1
5 152 1 1 0 1 0 12 0 1 50 3 1
5 153 1 1 0 2 0 12 0 1 50 3 1
5 154 0 1 0 3 0 12 0 1 50 3 1
5 155 0 1 0 4 0 12 0 1 50 3 1
5 156 0 1 0 5 0 12 0 1 50 3 1
5 157 1 1 0 0 1 13 0 1 100 3 1
5 158 1 1 0 1 1 13 0 1 100 3 1
5 159 1 1 0 2 1 13 0 1 100 3 1
5 160 0 1 0 3 1 13 0 1 100 3 1
5 161 0 1 0 4 1 13 0 1 100 3 1
5 162 0 1 0 5 1 13 0 1 100 3 1
5 163 1 1 0 0 0 13 0 1 1 3 1
5 164 1 1 0 1 0 13 0 1 1 3 1
5 165 1 1 0 2 0 13 0 1 1 3 1
5 166 0 1 0 3 0 13 0 1 1 3 1
5 167 0 1 0 4 0 13 0 1 1 3 1
5 168 0 1 0 5 0 13 0 1 1 3 1
5 169 1 1 0 0 1 14 0 1 50 3 1
5 170 1 1 0 1 1 14 0 1 50 3 1
5 171 1 1 0 2 1 14 0 1 50 3 1
5 172 0 1 0 3 1 14 0 1 50 3 1
5 173 0 1 0 4 1 14 0 1 50 3 1
5 174 0 1 0 5 1 14 0 1 50 3 1
5 175 1 1 0 0 0 14 0 1 100 3 1
5 176 1 1 0 1 0 14 0 1 100 3 1
5 177 1 1 0 2 0 14 0 1 100 3 1
5 178 0 1 0 3 0 14 0 1 100 3 1
5 179 0 1 0 4 0 14 0 1 100 3 1
5 180 0 1 0 5 0 15 1 1 100 3 1
5 181 1 1 0 0 1 15 1 1 1 3 1
5 182 1 1 0 1 1 15 1 1 1 3 1
5 183 1 1 0 2 1 15 1 1 1 3 1
5 184 0 1 0 3 1 15 1 1 1 3 1
5 185 0 1 0 4 1 15 1 1 1 3 1
5 186 0 1 0 5 1 15 1 1 1 3 1
5 187 1 1 0 0 0 15 1 1 50 3 1
5 188 1 1 0 1 0 15 1 1 50 3 1
5 189 1 1 0 2 0 15 1 1 50 3 1
5 190 0 1 0 3 0 15 1 1 50 3 1
5 191 0 1 0 4 0 15 1 1 50 3 1
5 192 0 1 0 5 0 15 1 1 50 3 1
5 193 1 1 0 0 1 16 1 1 100 3 1
5 194 1 1 0 1 1 16 1 1 100 3 1
5 195 1 1 0 2 1 16 1 1 100 3 1
5 196 0 1 0 3 1 16 1 1 100 3 1
5 197 0 1 0 4 1 16 1 1 100 3 1
5 198 0 1 0 5 1 16 1 1 100 3 1
5 199 1 1 0 0 0 16 1 1 1 3 1
5 200 1 1 0 1 0 16 1 1 1 3 1
5 201 1 1 0 2 0 16 1 1 1 3 1
5 202 0 1 0 3 0 16 1 1 1 3 1
5 203 0 1 0 4 0 16 1 1 1 3 1
5 204 0 1 0 5 0 16 1 1 1 3 1
5 205 1 1 0 0 1 17 1 1 50 3 1
5 206 1 1 0 1 1 17 1 1 50 3 1
5 207 1 1 0 2 1 17 1 1 50 3 1
5 208 0 1 0 3 1 17 1 1 50 3 1
5 209 0 1 0 4 1 17 1 1 50 3 1
5 210 0 1 0 5 1 17 1 1 50 3 1
5 211 1 1 0 0 0 17 1 1 100 3 1
5 212 1 1 0 1 0 17 1 1 100 3 1
5 213 1 1 0 2 0 17 1 1 100 3 1
5 214 0 1 0 3 0 17 1 1 100 3 1
5 215 0 1 0 4 0 17 1 1 100 3 1
5 216 0 1 0 5 0 17 1 1 100 3 1
5 217 1 1 0 0 1 18 1 1 1 3 1
5 218 1 1 0 1 1 18 1 1 1 3 1
5 219 1 1 0 2 1 18 1 1 1 3 1
5 220 0 1 0 3 1 18 1 1 1 3 1
5 221 0 1 0 4 1 18 1 1 1 3 1
5 222 0 1 0 5 1 18 1 1 1 3 1
5 223 1 1 0 0 0 18 1 1 50 3 1
5 224 1 1 0 1 0 18 1 1 50 3 1
5 225 1 1 0 2 0 18 1 1 50 3 1
5 226 0 1 0 3 0 18 1 1 50 3 1
5 227 0 1 0 4 0 18 1 1 50 3 1
5 228 0 1 0 5 0 18 1 1 50 3 1
5 229 1 1 0 0 1 19 1 1 100 3 1
5 230 1 1 0 1 1 19 1 1 100 3 1
5 231 1 1 0 2 1 19 1 1 100 3 1
5 232 0 1 0 3 1 19 1 1 100 3 1
5 233 0 1 0 4 1 19 1 1 100 3 1
5 234 0 1 0 5 1 19 1 1 100 3 1
5 235 1 1 0 0 0 19 1 1 1 3 1
5 236 1 1 0 1 0 19 1 1 1 3 1
5 237 1 1 0 2 0 19 1 1 1 3 1
5 238 0 1 0 3 0 19 1 1 1 3 1
5 239 0 1 0 4 0 19 1 1 1 3 1
5 240 0 1 0 5 0 19 1 1 1 3 1
5 241 1 1 0 0 1 20 1 1 50 3 1
5 242 1 1 0 1 1 20 1 1 50 3 1
5 243 1 1 0 2 1 20 1 1 50 3 1
5 244 0 1 0 3 1 20 1 1 50 3 1
5 245 0 1 0 4 1 20 1 1 50 3 1
5 246 0 1 0 5 1 20 1 1 50 3 1
5 247 1 1 0 0 0 20 1 1 100 3 1
5 248 1 1 0 1 0 20 1 1 100 3 1
5 249 1 1 0 2 0 20 1 1 100 3 1
5 250 0 1 0 3 0 20 1 1 100 3 1
5 251 0 1 0 4 0 20 1 1 100 3 1
5 252 0 1 0 5 0 20 1 1 100 3 1
5 253 1 1 0 0 1 20 1 1 1 3 1
5 254 1 1 0 1 1 20 1 1 1 3 1
5 255 1 1 0 2 1 20 1 1 1 3 1
5 256 0 1 0 3 1 20 1 1 1 3 1
5 257 0 1 0 4 1 20 1 1 1 3 1
5 258 0 1 0 5 1 20 1 1 1 3 1
5 259 1 1 0 0 0 21 1 1 50 3 1
5 260 1 1 0 1 0 21 1 1 50 3 1
5 261 1 1 0 2 0 21 1 1 50 3 1
5 262 0 1 0 3 0 21 1 1 50 3 1
5 263 0 1 0 4 0 21 1 1 50 3 1
5 264 0 1 0 5 0 21 1 1 50 3 1
5 265 1 1 0 0 1 21 1 1 100 3 1
5 266 1 1 0 1 1 21 1 1 100 3 1
5 267 1 1 0 2 1 21 1 1 100 3 1
5 268 0 1 0 3 1 21 1 1 100 3 1
5 269 0 1 0 4 1 21 1 1 100 3 1
5 270 0 1 0 5 1 21 1 1 100 3 1
5 271 1 1 0 0 0 21 1 1 1 3 1
5 272 1 1 0 1 0 21 1 1 1 3 1
5 273 1 1 0 2 0 21 1 1 1 3 1
5 274 0 1 0 3 0 21 1 1 1 3 1
5 275 0 1 0 4 0 21 1 1 1 3 1
5 276 0 1 0 5 0 21 1 1 1 3 1
5 277 1 1 0 0 1 22 1 1 50 3 1
5 278 1 1 0 1 1 22 1 1 50 3 1
5 279 1 1 0 2 1 22 1 1 50 3 1
5 280 0 1 0 3 1 22 1 1 50 3 1
5 281 0 1 0 4 1 22 1 1 50 3 1
5 282 0 1 0 5 1 22 1 1 50 3 1
5 283 1 1 0 0 0 22 1 1 100 3 1
5 284 1 1 0 1 0 22 1 1 100 3 1
5 285 1 1 0 2 0 22 1 1 100 3 1
5 286 0 1 0 3 0 22 1 1 100 3 1
5 287 0 1 0 4 0 22 1 1 100 3 1
5 288 0 1 0 5 0 22 1 1 100 3 1
5 289 1 1 0 0 1 23 1 1 1 3 1
5 290 1 1 0 1 1 23 1 1 1 3 1
5 291 1 1 0 2 1 23 1 1 1 3 1
5 292 0 1 0 3 1 23 1 1 1 3 1
5 293 0 1 0 4 1 23 1 1 1 3 1
5 294 0 1 0 5 1 23 1 1 1 3 1
5 295 1 1 0 0 0 23 1 1 50 3 1
5 296 1 1 0 1 0 23 1 1 50 3 1
5 297 1 1 0 2 0 23 1 1 50 3 1
5 298 0 1 0 3 0 23 1 1 50 3 1
5 299 0 1 0 4 0 23 1 1 50 3 1
5 300 0 1 0 5 0 23 1 1 50 3 1
6 1 1 1 0 0 1 0 0 1 1 3 1
6 2 1 1 0 1 1 0 0 1 1 3 1
6 3 1 1 0 2 1 0 0 1 1 3 1
6 4 0 1 0 3 1 0 0 1 1 3 1
6 5 0 1 0 4 1 0 0 1 1 3 1
6 6 0 1 0 5 1 0 0 1 1 3 1
6 7 1 1 0 0 0 0 0 1 50 3 1
6 8 1 1 0 1 0 0 0 1 50 3 1
6 9 1 1 0 2 0 0 0 1 50 3 1
6 10 0 1 0 3 0 0 0 1 50 3 1
6 11 0 1 0 4 0 0 0 1 50 3 1
6 12 0 1 0 5 0 0 0 1 50 3 1
6 13 1 1 0 0 1 1 0 1 100 3 1
6 14 1 1 0 1 1 1 0 1 100 3 1
6 15 1 1 0 2 1 1 0 1 100 3 1
6 16 0 1 0 3 1 1 0 1 100 3 1
6 17 0 1 0 4 1 1 0 1 100 3 1
6 18 0 1 0 5 1 1 0 1 100 3 1
6 19 1 1 0 0 0 1 0 1 1 3 1
6 20 1 1 0 1 0 1 0 1 1 3 1
6 21 1 1 0 2 0 1 0 1 1 3 1
6 22 0 1 0 3 0 1 0 1 1 3 1
6 23 0 1 0 4 0 1 0 1 1 3 1
6 24 0 1 0 5 0 1 0 1 1 3 1
6 25 1 1 0 0 1 2 0 1 50 3 1
6 26 1 1 0 1 1 2 0 1 50 3 1
6 27 1 1 0 2 1 2 0 1 50 3 1
6 28 0 1 0 3 1 2 0 1 50 3 1
6 29 0 1 0 4 1 2 0 1 50 3 1
6 30 0 1 0 5 1 2 0 1 50 3 1
6 31 1 1 0 0 0 2 0 1 100 3 1
6 32 1 1 0 1 0 2 0 1 100 3 1
6 33 1 1 0 2 0 2 0 1 100 3 1
6 34 0 1 0 3 0 2 0 1 100 3 1
6 35 0 1 0 4 0 2 0 1 100 3 1
6 36 0 1 0 5 0 2 0 1 100 3 1
6 37 1 1 0 0 1 3 0 1 1 3 1
6 38 1 1 0 1 1 3 0 1 1 3 1
6 39 1 1 0 2 1 3 0 1 1 3 1
6 40 0 1 0 3 1 3 0 1 1 3 1
6 41 0 1 0 4 1 3 0 1 1 3 1
6 42 0 1 0 5 1 3 0 1 1 3 1
6 43 1 1 0 0 0 3 0 1 50 3 1
6 44 1 1 0 1 0 3 0 1 50 3 1
6 45 1 1 0 2 0 3 0 1 50 3 1
6 46 0 1 0 3 0 3 0 1 50 3 1
6 47 0 1 0 4 0 3 0 1 50 3 1
6 48 0 1 0 5 0 3 0 1 50 3 1
6 49 1 1 0 0 1 4 0 1 100 3 1
6 50 1 1 0 1 1 4 0 1 100 3 1
6 51 1 1 0 2 1 4 0 1 100 3 1
6 52 0 1 0 3 1 4 0 1 100 3 1
6 53 0 1 0 4 1 4 0 1 100 3 1
6 54 0 1 0 5 1 4 0 1 100 3 1
6 55 1 1 0 0 0 4 0 1 1 3 1
6 56 1 1 0 1 0 4 0 1 1 3 1
6 57 1 1 0 2 0 4 0 1 1 3 1
6 58 0 1 0 3 0 4 0 1 1 3 1
6 59 0 1 0 4 0 4 0 1 1 3 1
6 60 0 1 0 5 0 4 0 1 1 3 1
6 61 1 1 0 0 1 5 0 1 50 3 1
6 62 1 1 0 1 1 5 0 1 50 3 1
6 63 1 1 0 2 1 5 0 1 50 3 1
6 64 0 1 0 3 1 5 0 1 50 3 1
6 65 0 1 0 4 1 5 0 1 50 3 1
6 66 0 1 0 5 1 5 0 1 50 3 1
6 67 1 1 0 0 0 5 0 1 100 3 1
6 68 1 1 0 1 0 5 0 1 100 3 1
6 69 1 1 0 2 0 5 0 1 100 3 1
6 70 0 1 0 3 0 5 0 1 100 3 1
6 71 0 1 0 4 0 5 0 1 100 3 1
6 72 0 1 0 5 0 5 0 1 100 3 1
6 73 1 1 0 0 1 6 0 1 1 3 1
6 74 1 1 0 1 1 6 0 1 1 3 1
6 75 1 1 0 2 1 6 0 1 1 3 1
6 76 0 1 0 3 1 6 0 1 1 3 1
6 77 0 1 0 4 1 6 0 1 1 3 1
6 78 0 1 0 5 1 6 0 1 1 3 1
6 79 1 1 0 0 0 6 0 1 50 3 1
6 80 1 1 0 1 0 6 0 1 50 3 1
6 81 1 1 0 2 0 6 0 1 50 3 1
6 82 0 1 0 3 0 6 0 1 50 3 1
6 83 0 1 0 4 0 6 0 1 50 3 1
6 84 0 1 0 5 0 6 0 1 50 3 1
6 85 1 1 0 0 1 7 0 1 100 3 1
6 86 1 1 0 1 1 7 0 1 100 3 1
6 87 1 1 0 2 1 7 0 1 100 3 1
6 88 0 1 0 3 1 7 0 1 100 3 1
6 89 0 1 0 4 1 7 0 1 100 3 1
6 90 0 1 0 5 1 7 0 1 100 3 1
6 91 1 1 0 0 0 7 0 1 1 3 1
6 92 1 1 0 1 0 7 0 1 1 3 1
6 93 1 1 0 2 0 7 0 1 1 3 1
6 94 0 1 0 3 0 7 0 1 1 3 1
6 95 0 1 0 4 0 7 0 1 1 3 1
6 96 0 1 0 5 0 7 0 1 1 3 1
6 97 1 1 0 0 1 8 0 1 50 3 1
6 98 1 1 0 1 1 8 0 1 50 3 1
6 99 1 1 0 2 1 8 0 1 50 3 1
6 100 0 1 0 3 1 8 0 1 50 3 1
6 101 0 1 0 4 1 8 0 1 50 3 1
6 102 0 1 0 5 1 8 0 1 50 3 1
6 103 1 1 0 0 0 8 0 1 100 3 1
6 104 1 1 0 1 0 8 0 1 100 3 1
6 105 1 1 0 2 0 8 0 1 100 3 1
6 106 0 1 0 3 0 8 0 1 100 3 1
6 107 0 1 0 4 0 8 0 1 100 3 1
6 108 0 1 0 5 0 8 0 1 100 3 1
6 109 1 1 0 0 1 9 0 1 1 3 1
6 110 1 1 0 1 1 9 0 1 1 3 1
6 111 1 1 0 2 1 9 0 1 1 3 1
6 112 0 1 0 3 1 9 0 1 1 3 1
6 113 0 1 0 4 1 9 0 1 1 3 1
6 114 0 1 0 5 1 9 0 1 1 3 1
6 115 1 1 0 0 0 9 0 1 50 3 1
6 116 1 1 0 1 0 9 0 1 50 3 1
6 117 1 1 0 2 0 9 0 1 50 3 1
6 118 0 1 0 3 0 9 0 1 50 3 1
6 119 0 1 0 4 0 9 0 1 50 3 1
6 120 0 1 0 5 0 9 0 1 50 3 1
6 121 1 1 0 0 1 10 0 1 100 3 1
6 122 1 1 0 1 1 10 0 1 100 3 1
6 123 1 1 0 2 1 10 0 1 100 3 1
6 124 0 1 0 3 1 10 0 1 100 3 1
6 125 0 1 0 4 1 10 0 1 100 3 1
6 126 0 1 0 5 1 10 0 1 100 3 1
6 127 1 1 0 0 0 10 0 1 1 3 1
6 128 1 1 0 1 0 10 0 1 1 3 1
6 129 1 1 0 2 0 10 0 1 1 3 1
6 130 0 1 0 3 0 10 0 1 1 3 1
6 131 0 1 0 4 0 10 0 1 1 3 1
6 132 0 1 0 5 0 10 0 1 1 3 1
6 133 1 1 0 0 1 11 0 1 50 3 1
6 134 1 1 0 1 1 11 0 1 50 3 1
6 135 1 1 0 2 1 11 0 1 50 3 1
6 136 0 1 0 3 1 11 0 1 50 3 1
6 137 0 1 0 4 1 11 0 1 50 3 1
6 138 0 1 0 5 1 11 0 1 50 3 1
6 139 1 1 0 0 0 11 0 1 100 3 1
6 140 1 1 0 1 0 11 0 1 100 3 1
6 141 1 1 0 2 0 11 0 1 100 3 1
6 142 0 1 0 3 0 11 0 1 100 3 1
6 143 0 1 0 4 0 11 0 1 100 3 1
6 144 0 1 0 5 0 11 0 1 100 3 1
6 145 1 1 0 0 1 12 0 1 1 3 1
6 146 1 1 0 1 1 12 0 1 1 3 1
6 147 1 1 0 2 1 12 0 1 1 3 1
6 148 0 1 0 3 1 12 0 1 1 3 1
6 149 0 1 0 4 1 12 0 1 1 3 1
6 150 0 1 0 5 1 12 0 1 1 3 1
6 151 1 1 0 0 0 12 0 1 50 3 1
6 152 1 1 0 1 0 12 0 1 50 3 1
6 153 1 1 0 2 0 12 0 1 50 3 1
6 154 0 1 0 3 0 12 0 1 50 3 1
6 155 0 1 0 4 0 12 0 1 50 3 1
6 156 0 1 0 5 0 12 0 1 50 3 1
6 157 1 1 0 0 1 13 0 1 100 3 1
6 158 1 1 0 1 1 13 0 1 100 3 1
6 159 1 1 0 2 1 13 0 1 100 3 1
6 160 0 1 0 3 1 13 0 1 100 3 1
6 161 0 1 0 4 1 13 0 1 100 3 1
6 162 0 1 0 5 1 13 0 1 100 3 1
6 163 1 1 0 0 0 13 0 1 1 3 1
6 164 1 1 0 1 0 13 0 1 1 3 1
6 165 1 1 0 2 0 13 0 1 1 3 1
6 166 0 1 0 3 0 13 0 1 1 3 1
6 167 0 1 0 4 0 13 0 1 1 3 1
6 168 0 1 0 5 0 13 0 1 1 3 1
6 169 1 1 0 0 1 14 0 1 50 3 1
6 170 1 1 0 1 1 14 0 1 50 3 1
6 171 1 1 0 2 1 14 0 1 50 3 1
6 172 0 1 0 3 1 14 0 1 50 3 1
6 173 0 1 0 4 1 14 0 1 50 3 1
6 174 0 1 0 5 1 14 0 1 50 3 1
6 175 1 1 0 0 0 14 0 1 100 3 1
6 176 1 1 0 1 0 14 0 1 100 3 1
6 177 1 1 0 2 0 14 0 1 100 3 1
6 178 0 1 0 3 0 14 0 1 100 3 1
6 179 0 1 0 4 0 14 0 1 100 3 1
6 180 0 1 0 5 0 15 1 1 100 3 1
6 181 1 1 0 0 1 15 1 1 1 3 1
6 182 1 1 0 1 1 15 1 1 1 3 1
6 183 1 1 0 2 1 15 1 1 1 3 1
6 184 0 1 0 3 1 15 1 1 1 3 1
6 185 0 1 0 4 1 15 1 1 1 3 1
6 186 0 1 0 5 1 15 1 1 1 3 1
6 187 1 1 0 0 0 15 1 1 50 3 1
6 188 1 1 0 1 0 15 1 1 50 3 1
6 189 1 1 0 2 0 15 1 1 50 3 1
6 190 0 1 0 3 0 15 1 1 50 3 1
6 191 0 1 0 4 0 15 1 1 50 3 1
6 192 0 1 0 5 0 15 1 1 50 3 1
6 193 1 1 0 0 1 16 1 1 100 3 1
6 194 1 1 0 1 1 16 1 1 100 3 1
6 195 1 1 0 2 1 16 1 1 100 3 1
6 196 0 1 0 3 1 16 1 1 100 3 1
6 197 0 1 0 4 1 16 1 1 100 3 1
6 198 0 1 0 5 1 16 1 1 100 3 1
6 199 1 1 0 0 0 16 1 1 1 3 1
6 200 1 1 0 1 0 16 1 1 1 3 1
6 201 1 1 0 2 0 16 1 1 1 3 1
6 202 0 1 0 3 0 16 1 1 1 3 1
6 203 0 1 0 4 0 16 1 1 1 3 1
6 204 0 1 0 5 0 16 1 1 1 3 1
6 205 1 1 0 0 1 17 1 1 50 3 1
6 206 1 1 0 1 1 17 1 1 50 3 1
6 207 1 1 0 2 1 17 1 1 50 3 1
6 208 0 1 0 3 1 17 1 1 50 3 1
6 209 0 1 0 4 1 17 1 1 50 3 1
6 210 0 1 0 5 1 17 1 1 50 3 1
6 211 1 1 0 0 0 17 1 1 100 3 1
6 212 1 1 0 1 0 17 1 1 100 3 1
6 213 1 1 0 2 0 17 1 1 100 3 1
6 214 0 1 0 3 0 17 1 1 100 3 1
6 215 0 1 0 4 0 17 1 1 100 3 1
6 216 0 1 0 5 0 17 1 1 100 3 1
6 217 1 1 0 0 1 18 1 1 1 3 1
6 218 1 1 0 1 1 18 1 1 1 3 1
6 219 1 1 0 2 1 18 1 1 1 3 1
6 220 0 1 0 3 1 18 1 1 1 3 1
6 221 0 1 0 4 1 18 1 1 1 3 1
6 222 0 1 0 5 1 18 1 1 1 3 1
6 223 1 1 0 0 0 18 1 1 50 3 1
6 224 1 1 0 1 0 18 1 1 50 3 1
6 225 1 1 0 2 0 18 1 1 50 3 1
6 226 0 1 0 3 0 18 1 1 50 3 1
6 227 0 1 0 4 0 18 1 1 50 3 1
6 228 0 1 0 5 0 18 1 1 50 3 1
6 229 1 1 0 0 1 19 1 1 100 3 1
6 230 1 1 0 1 1 19 1 1 100 3 1
6 231 1 1 0 2 1 19 1 1 100 3 1
6 232 0 1 0 3 1 19 1 1 100 3 1
6 233 0 1 0 4 1 19 1 1 100 3 1
6 234 0 1 0 5 1 19 1 1 100 3 1
6 235 1 1 0 0 0 19 1 1 1 3 1
6 236 1 1 0 1 0 19 1 1 1 3 1
6 237 1 1 0 2 0 19 1 1 1 3 1
6 238 0 1 0 3 0 19 1 1 1 3 1
6 239 0 1 0 4 0 19 1 1 1 3 1
6 240 0 1 0 5 0 19 1 1 1 3 1
6 241 1 1 0 0 1 20 1 1 50 3 1
6 242 1 1 0 1 1 20 1 1 50 3 1
6 243 1 1 0 2 1 20 1 1 50 3 1
6 244 0 1 0 3 1 20 1 1 50 3 1
6 245 0 1 0 4 1 20 1 1 50 3 1
6 246 0 1 0 5 1 20 1 1 50 3 1
6 247 1 1 0 0 0 20 1 1 100 3 1
6 248 1 1 0 1 0 20 1 1 100 3 1
6 249 1 1 0 2 0 20 1 1 100 3 1
6 250 0 1 0 3 0 20 1 1 100 3 1
6 251 0 1 0 4 0 20 1 1 100 3 1
6 252 0 1 0 5 0 20 1 1 100 3 1
6 253 1 1 0 0 1 20 1 1 1 3 1
6 254 1 1 0 1 1 20 1 1 1 3 1
6 255 1 1 0 2 1 20 1 1 1 3 1
6 256 0 1 0 3 1 20 1 1 1 3 1
6 257 0 1 0 4 1 20 1 1 1 3 1
6 258 0 1 0 5 1 20 1 1 1 3 1
6 259 1 1 0 0 0 21 1 1 50 3 1
6 260 1 1 0 1 0 21 1 1 50 3 1
6 261 1 1 0 2 0 21 1 1 50 3 1
6 262 0 1 0 3 0 21 1 1 50 3 1
6 263 0 1 0 4 0 21 1 1 50 3 1
6 264 0 1 0 5 0 21 1 1 50 3 1
6 265 1 1 0 0 1 21 1 1 100 3 1
6 266 1 1 0 1 1 21 1 1 100 3 1
6 267 1 1 0 2 1 21 1 1 100 3 1
6 268 0 1 0 3 1 21 1 1 100 3 1
6 269 0 1 0 4 1 21 1 1 100 3 1
6 270 0 1 0 5 1 21 1 1 100 3 1
6 271 1 1 0 0 0 21 1 1 1 3 1
6 272 1 1 0 1 0 21 1 1 1 3 1
6 273 1 1 0 2 0 21 1 1 1 3 1
6 274 0 1 0 3 0 21 1 1 1 3 1
6 275 0 1 0 4 0 21 1 1 1 3 1
6 276 0 1 0 5 0 21 1 1 1 3 1
6 277 1 1 0 0 1 22 1 1 50 3 1
6 278 1 1 0 1 1 22 1 1 50 3 1
6 279 1 1 0 2 1 22 1 1 50 3 1
6 280 0 1 0 3 1 22 1 1 50 3 1
6 281 0 1 0 4 1 22 1 1 50 3 1
6 282 0 1 0 5 1 22 1 1 50 3 1
6 283 1 1 0 0 0 22 1 1 100 3 1
6 284 1 1 0 1 0 22 1 1 100 3 1
6 285 1 1 0 2 0 22 1 1 100 3 1
6 286 0 1 0 3 0 22 1 1 100 3 1
6 287 0 1 0 4 0 22 1 1 100 3 1
6 288 0 1 0 5 0 22 1 1 100 3 1
6 289 1 1 0 0 1 23 1 1 1 3 1
6 290 1 1 0 1 1 23 1 1 1 3 1
6 291 1 1 0 2 1 23 1 1 1 3 1
6 292 0 1 0 3 1 23 1 1 1 3 1
6 293 0 1 0 4 1 23 1 1 1 3 1
6 294 0 1 0 5 1 23 1 1 1 3 1
6 295 1 1 0 0 0 23 1 1 50 3 1
6 296 1 1 0 1 0 23 1 1 50 3 1
6 297 1 1 0 2 0 23 1 1 50 3 1
6 298 0 1 0 3 0 23 1 1 50 3 1
6 299 0 1 0 4 0 23 1 1 50 3 1
6 300 0 1 0 5 0 23 1 1 50 3 1
7 1 1 1 0 0 1 0 0 1 1 3 1
7 2 1 1 0 1 1 0 0 1 1 3 1
7 3 1 1 0 2 1 0 0 1 1 3 1
7 4 0 1 0 3 1 0 0 1 1 3 1
7 5 0 1 0 4 1 0 0 1 1 3 1
7 6 0 1 0 5 1 0 0 1 1 3 1
7 7 1 1 0 0 0 0 0 1 50 3 1
7 8 1 1 0 1 0 0 0 1 50 3 1
7 9 1 1 0 2 0 0 0 1 50 3 1
7 10 0 1 0 3 0 0 0 1 50 3 1
7 11 0 1 0 4 0 0 0 1 50 3 1
7 12 0 1 0 5 0 0 0 1 50 3 1
7 13 1 1 0 0 1 1 0 1 100 3 1
7 14 1 1 0 1 1 1 0 1 100 3 1
7 15 1 1 0 2 1 1 0 1 100 3 1
7 16 0 1 0 3 1 1 0 1 100 3 1
7 17 0 1 0 4 1 1 0 1 100 3 1
7 18 0 1 0 5 1 1 0 1 100 3 1
7 19 1 1 0 0 0 1 0 1 1 3 1
7 20 1 1 0 1 0 1 0 1 1 3 1
7 21 1 1 0 2 0 1 0 1 1 3 1
7 22 0 1 0 3 0 1 0 1 1 3 1
7 23 0 1 0 4 0 1 0 1 1 3 1
7 24 0 1 0 5 0 1 0 1 1 3 1
7 25 1 1 0 0 1 2 0 1 50 3 1
7 26 1 1 0 1 1 2 0 1 50 3 1
7 27 1 1 0 2 1 2 0 1 50 3 1
7 28 0 1 0 3 1 2 0 1 50 3 1
7 29 0 1 0 4 1 2 0 1 50 3 1
7 30 0 1 0 5 1 2 0 1 50 3 1
7 31 1 1 0 0 0 2 0 1 100 3 1
7 32 1 1 0 1 0 2 0 1 100 3 1
7 33 1 1 0 2 0 2 0 1 100 3 1
7 34 0 1 0 3 0 2 0 1 100 3 1
7 35 0 1 0 4 0 2 0 1 100 3 1
7 36 0 1 0 5 0 2 0 1 100 3 1
7 37 1 1 0 0 1 3 0 1 1 3 1
7 38 1 1 0 1 1 3 0 1 1 3 1
7 39 1 1 0 2 1 3 0 1 1 3 1
7 40 0 1 0 3 1 3 0 1 1 3 1
7 41 0 1 0 4 1 3 0 1 1 3 1
7 42 0 1 0 5 1 3 0 1 1 3 1
7 43 1 1 0 0 0 3 0 1 50 3 1
7 44 1 1 0 1 0 3 0 1 50 3 1
7 45 1 1 0 2 0 3 0 1 50 3 1
7 46 0 1 0 3 0 3 0 1 50 3 1
7 47 0 1 0 4 0 3 0 1 50 3 1
7 48 0 1 0 5 0 3 0 1 50 3 1
7 49 1 1 0 0 1 4 0 1 100 3 1
7 50 1 1 0 1 1 4 0 1 100 3 1
7 51 1 1 0 2 1 4 0 1 100 3 1
7 52 0 1 0 3 1 4 0 1 100 3 1
7 53 0 1 0 4 1 4 0 1 100 3 1
7 54 0 1 0 5 1 4 0 1 100 3 1
7 55 1 1 0 0 0 4 0 1 1 3 1
7 56 1 1 0 1 0 4 0 1 1 3 1
7 57 1 1 0 2 0 4 0 1 1 3 1
7 58 0 1 0 3 0 4 0 1 1 3 1
7 59 0 1 0 4 0 4 0 1 1 3 1
7 60 0 1 0 5 0 4 0 1 1 3 1
7 61 1 1 0 0 1 5 0 1 50 3 1
7 62 1 1 0 1 1 5 0 1 50 3 1
7 63 1 1 0 2 1 5 0 1 50 3 1
7 64 0 1 0 3 1 5 0 1 50 3 1
7 65 0 1 0 4 1 5 0 1 50 3 1
7 66 0 1 0 5 1 5 0 1 50 3 1
7 67 1 1 0 0 0 5 0 1 100 3 1
7 68 1 1 0 1 0 5 0 1 100 3 1
7 69 1 1 0 2 0 5 0 1 100 3 1
7 70 0 1 0 3 0 5 0 1 100 3 1
7 71 0 1 0 4 0 5 0 1 100 3 1
7 72 0 1 0 5 0 5 0 1 100 3 1
7 73 1 1 0 0 1 6 0 1 1 3 1
7 74 1 1 0 1 1 6 0 1 1 3 1
7 75 1 1 0 2 1 6 0 1 1 3 1
7 76 0 1 0 3 1 6 0 1 1 3 1
7 77 0 1 0 4 1 6 0 1 1 3 1
7 78 0 1 0 5 1 6 0 1 1 3 1
7 79 1 1 0 0 0 6 0 1 50 3 1
7 80 1 1 0 1 0 6 0 1 50 3 1
7 81 1 1 0 2 0 6 0 1 50 3 1
7 82 0 1 0 3 0 6 0 1 50 3 1
7 83 0 1 0 4 0 6 0 1 50 3 1
7 84 0 1 0 5 0 6 0 1 50 3 1
7 85 1 1 0 0 1 7 0 1 100 3 1
7 86 1 1 0 1 1 7 0 1 100 3 1
7 87 1 1 0 2 1 7 0 1 100 3 1
7 88 0 1 0 3 1 7 0 1 100 3 1
7 89 0 1 0 4 1 7 0 1 100 3 1
7 90 0 1 0 5 1 7 0 1 100 3 1
7 91 1 1 0 0 0 7 0 1 1 3 1
7 92 1 1 0 1 0 7 0 1 1 3 1
7 93 1 1 0 2 0 7 0 1 1 3 1
7 94 0 1 0 3 0 7 0 1 1 3 1
7 95 0 1 0 4 0 7 0 1 1 3 1
7 96 0 1 0 5 0 7 0 1 1 3 1
7 97 1 1 0 0 1 8 0 1 50 3 1
7 98 1 1 0 1 1 8 0 1 50 3 1
7 99 1 1 0 2 1 8 0 1 50 3 1
7 100 0 1 0 3 1 8 0 1 50 3 1
7 101 0 1 0 4 1 8 0 1 50 3 1
7 102 0 1 0 5 1 8 0 1 50 3 1
7 103 1 1 0 0 0 8 0 1 100 3 1
7 104 1 1 0 1 0 8 0 1 100 3 1
7 105 1 1 0 2 0 8 0 1 100 3 1
7 106 0 1 0 3 0 8 0 1 100 3 1
7 107 0 1 0 4 0 8 0 1 100 3 1
7 108 0 1 0 5 0 8 0 1 100 3 1
7 109 1 1 0 0 1 9 0 1 1 3 1
7 110 1 1 0 1 1 9 0 1 1 3 1
7 111 1 1 0 2 1 9 0 1 1 3 1
7 112 0 1 0 3 1 9 0 1 1 3 1
7 113 0 1 0 4 1 9 0 1 1 3 1
7 114 0 1 0 5 1 9 0 1 1 3 1
7 115 1 1 0 0 0 9 0 1 50 3 1
7 116 1 1 0 1 0 9 0 1 50 3 1
7 117 1 1 0 2 0 9 0 1 50 3 1
7 118 0 1 0 3 0 9 0 1 50 3 1
7 119 0 1 0 4 0 9 0 1 50 3 1
7 120 0 1 0 5 0 9 0 1 50 3 1
7 121 1 1 0 0 1 10 0 1 100 3 1
7 122 1 1 0 1 1 10 0 1 100 3 1
7 123 1 1 0 2 1 10 0 1 100 3 1
7 124 0 1 0 3 1 10 0 1 100 3 1
7 125 0 1 0 4 1 10 0 1 100 3 1
7 126 0 1 0 5 1 10 0 1 100 3 1
7 127 1 1 0 0 0 10 0 1 1 3 1
7 128 1 1 0 1 0 10 0 1 1 3 1
7 129 1 1 0 2 0 10 0 1 1 3 1
7 130 0 1 0 3 0 10 0 1 1 3 1
7 131 0 1 0 4 0 10 0 1 1 3 1
7 132 0 1 0 5 0 10 0 1 1 3 1
7 133 1 1 0 0 1 11 0 1 50 3 1
7 134 1 1 0 1 1 11 0 1 50 3 1
7 135 1 1 0 2 1 11 0 1 50 3 1
7 136 0 1 0 3 1 11 0 1 50 3 1
7 137 0 1 0 4 1 11 0 1 50 3 1
7 138 0 1 0 5 1 11 0 1 50 3 1
7 139 1 1 0 0 0 11 0 1 100 3 1
7 140 1 1 0 1 0 11 0 1 100 3 1
7 141 1 1 0 2 0 11 0 1 100 3 1
7 142 0 1 0 3 0 11 0 1 100 3 1
7 143 0 1 0 4 0 11 0 1 100 3 1
7 144 0 1 0 5 0 11 0 1 100 3 1
7 145 1 1 0 0 1 12 0 1 1 3 1
7 146 1 1 0 1 1 12 0 1 1 3 1
7 147 1 1 0 2 1 12 0 1 1 3 1
7 148 0 1 0 3 1 12 0 1 1 3 1
7 149 0 1 0 4 1 12 0 1 1 3 1
7 150 0 1 0 5 1 12 0 1 1 3 1
7 151 1 1 0 0 0 12 0 1 50 3 1
7 152 1 1 0 1 0 12 0 1 50 3 1
7 153 1 1 0 2 0 12 0 1 50 3 1
7 154 0 1 0 3 0 12 0 1 50 3 1
7 155 0 1 0 4 0 12 0 1 50 3 1
7 156 0 1 0 5 0 12 0 1 50 3 1
7 157 1 1 0 0 1 13 0 1 100 3 1
7 158 1 1 0 1 1 13 0 1 100 3 1
7 159 1 1 0 2 1 13 0 1 100 3 1
7 160 0 1 0 3 1 13 0 1 100 3 1
7 161 0 1 0 4 1 13 0 1 100 3 1
7 162 0 1 0 5 1 13 0 1 100 3 1
7 163 1 1 0 0 0 13 0 1 1 3 1
7 164 1 1 0 1 0 13 0 1 1 3 1
7 165 1 1 0 2 0 13 0 1 1 3 1
7 166 0 1 0 3 0 13 0 1 1 3 1
7 167 0 1 0 4 0 13 0 1 1 3 1
7 168 0 1 0 5 0 13 0 1 1 3 1
7 169 1 1 0 0 1 14 0 1 50 3 1
7 170 1 1 0 1 1 14 0 1 50 3 1
7 171 1 1 0 2 1 14 0 1 50 3 1
7 172 0 1 0 3 1 14 0 1 50 3 1
7 173 0 1 0 4 1 14 0 1 50 3 1
7 174 0 1 0 5 1 14 0 1 50 3 1
7 175 1 1 0 0 0 14 0 1 100 3 1
7 176 1 1 0 1 0 14 0 1 100 3 1
7 177 1 1 0 2 0 14 0 1 100 3 1
7 178 0 1 0 3 0 14 0 1 100 3 1
7 179 0 1 0 4 0 14 0 1 100 3 1
7 180 0 1 0 5 0 15 1 1 100 3 1
7 181 1 1 0 0 1 15 1 1 1 3 1
7 182 1 1 0 1 1 15 1 1 1 3 1
7 183 1 1 0 2 1 15 1 1 1 3 1
7 184 0 1 0 3 1 15 1 1 1 3 1
7 185 0 1 0 4 1 15 1 1 1 3 1
7 186 0 1 0 5 1 15 1 1 1 3 1
7 187 1 1 0 0 0 15 1 1 50 3 1
7 188 1 1 0 1 0 15 1 1 50 3 1
7 189 1 1 0 2 0 15 1 1 50 3 1
7 190 0 1 0 3 0 15 1 1 50 3 1
7 191 0 1 0 4 0 15 1 1 50 3 1
7 192 0 1 0 5 0 15 1 1 50 3 1
7 193 1 1 0 0 1 16 1 1 100 3 1
7 194 1 1 0 1 1 16 1 1 100 3 1
7 195 1 1 0 2 1 16 1 1 100 3 1
7 196 0 1 0 3 1 16 1 1 100 3 1
7 197 0 1 0 4 1 16 1 1 100 3 1
7 198 0 1 0 5 1 16 1 1 100 3 1
7 199 1 1 0 0 0 16 1 1 1 3 1
7 200 1 1 0 1 0 16 1 1 1 3 1
7 201 1 1 0 2 0 16 1 1 1 3 1
7 202 0 1 0 3 0 16 1 1 1 3 1
7 203 0 1 0 4 0 16 1 1 1 3 1
7 204 0 1 0 5 0 16 1 1 1 3 1
7 205 1 1 0 0 1 17 1 1 50 3 1
7 206 1 1 0 1 1 17 1 1 50 3 1
7 207 1 1 0 2 1 17 1 1 50 3 1
7 208 0 1 0 3 1 17 1 1 50 3 1
7 209 0 1 0 4 1 17 1 1 50 3 1
7 210 0 1 0 5 1 17 1 1 50 3 1
7 211 1 1 0 0 0 17 1 1 100 3 1
7 212 1 1 0 1 0 17 1 1 100 3 1
7 213 1 1 0 2 0 17 1 1 100 3 1
7 214 0 1 0 3 0 17 1 1 100 3 1
7 215 0 1 0 4 0 17 1 1 100 3 1
7 216 0 1 0 5 0 17 1 1 100 3 1
7 217 1 1 0 0 1 18 1 1 1 3 1
7 218 1 1 0 1 1 18 1 1 1 3 1
7 219 1 1 0 2 1 18 1 1 1 3 1
7 220 0 1 0 3 1 18 1 1 1 3 1
7 221 0 1 0 4 1 18 1 1 1 3 1
7 222 0 1 0 5 1 18 1 1 1 3 1
7 223 1 1 0 0 0 18 1 1 50 3 1
7 224 1 1 0 1 0 18 1 1 50 3 1
7 225 1 1 0 2 0 18 1 1 50 3 1
7 226 0 1 0 3 0 18 1 1 50 3 1
7 227 0 1 0 4 0 18 1 1 50 3 1
7 228 0 1 0 5 0 18 1 1 50 3 1
7 229 1 1 0 0 1 19 1 1 100 3 1
7 230 1 1 0 1 1 19 1 1 100 3 1
7 231 1 1 0 2 1 19 1 1 100 3 1
7 232 0 1 0 3 1 19 1 1 100 3 1
7 233 0 1 0 4 1 19 1 1 100 3 1
7 234 0 1 0 5 1 19 1 1 100 3 1
7 235 1 1 0 0 0 19 1 1 1 3 1
7 236 1 1 0 1 0 19 1 1 1 3 1
7 237 1 1 0 2 0 19 1 1 1 3 1
7 238 0 1 0 3 0 19 1 1 1 3 1
7 239 0 1 0 4 0 19 1 1 1 3 1
7 240 0 1 0 5 0 19 1 1 1 3 1
7 241 1 1 0 0 1 20 1 1 50 3 1
7 242 1 1 0 1 1 20 1 1 50 3 1
7 243 1 1 0 2 1 20 1 1 50 3 1
7 244 0 1 0 3 1 20 1 1 50 3 1
7 245 0 1 0 4 1 20 1 1 50 3 1
7 246 0 1 0 5 1 20 1 1 50 3 1
7 247 1 1 0 0 0 20 1 1 100 3 1
7 248 1 1 0 1 0 20 1 1 100 3 1
7 249 1 1 0 2 0 20 1 1 100 3 1
7 250 0 1 0 3 0 20 1 1 100 3 1
7 251 0 1 0 4 0 20 1 1 100 3 1
7 252 0 1 0 5 0 20 1 1 100 3 1
7 253 1 1 0 0 1 20 1 1 1 3 1
7 254 1 1 0 1 1 20 1 1 1 3 1
7 255 1 1 0 2 1 20 1 1 1 3 1
7 256 0 1 0 3 1 20 1 1 1 3 1
7 257 0 1 0 4 1 20 1 1 1 3 1
7 258 0 1 0 5 1 20 1 1 1 3 1
7 259 1 1 0 0 0 21 1 1 50 3 1
7 260 1 1 0 1 0 21 1 1 50 3 1
7 261 1 1 0 2 0 21 1 1 50 3 1
7 262 0 1 0 3 0 21 1 1 50 3 1
7 263 0 1 0 4 0 21 1 1 50 3 1
7 264 0 1 0 5 0 21 1 1 50 3 1
7 265 1 1 0 0 1 21 1 1 100 3 1
7 266 1 1 0 1 1 21 1 1 100 3 1
7 267 1 1 0 2 1 21 1 1 100 3 1
7 268 0 1 0 3 1 21 1 1 100 3 1
7 269 0 1 0 4 1 21 1 1 100 3 1
7 270 0 1 0 5 1 21 1 1 100 3 1
7 271 1 1 0 0 0 21 1 1 1 3 1
7 272 1 1 0 1 0 21 1 1 1 3 1
7 273 1 1 0 2 0 21 1 1 1 3 1
7 274 0 1 0 3 0 21 1 1 1 3 1
7 275 0 1 0 4 0 21 1 1 1 3 1
7 276 0 1 0 5 0 21 1 1 1 3 1
7 277 1 1 0 0 1 22 1 1 50 3 1
7 278 1 1 0 1 1 22 1 1 50 3 1
7 279 1 1 0 2 1 22 1 1 50 3 1
7 280 0 1 0 3 1 22 1 1 50 3 1
7 281 0 1 0 4 1 22 1 1 50 3 1
7 282 0 1 0 5 1 22 1 1 50 3 1
7 283 1 1 0 0 0 22 1 1 100 3 1
7 284 1 1 0 1 0 22 1 1 100 3 1
7 285 1 1 0 2 0 22 1 1 100 3 1
7 286 0 1 0 3 0 22 1 1 100 3 1
7 287 0 1 0 4 0 22 1 1 100 3 1
7 288 0 1 0 5 0 22 1 1 100 3 1
7 289 1 1 0 0 1 23 1 1 1 3 1
7 290 1 1 0 1 1 23 1 1 1 3 1
7 291 1 1 0 2 1 23 1 1 1 3 1
7 292 0 1 0 3 1 23 1 1 1 3 1
7 293 0 1 0 4 1 23 1 1 1 3 1
7 294 0 1 0 5 1 23 1 1 1 3 1
7 295 1 1 0 0 0 23 1 1 50 3 1
7 296 1 1 0 1 0 23 1 1 50 3 1
7 297 1 1 0 2 0 23 1 1 50 3 1
7 298 0 1 0 3 0 23 1 1 50 3 1
7 299 0 1 0 4 0 23 1 1 50 3 1
7 300 0 1 0 5 0 23 1 1 50 3 1
8 1 1 1 0 0 1 0 0 1 1 3 1
8 2 1 1 0 1 1 0 0 1 1 3 1
8 3 1 1 0 2 1 0 0 1 1 3 1
8 4 0 1 0 3 1 0 0 1 1 3 1
8 5 0 1 0 4 1 0 0 1 1 3 1
8 6 0 1 0 5 1 0 0 1 1 3 1
8 7 1 1 0 0 0 0 0 1 50 3 1
8 8 1 1 0 1 0 0 0 1 50 3 1
8 9 1 1 0 2 0 0 0 1 50 3 1
8 10 0 1 0 3 0 0 0 1 50 3 1
8 11 0 1 0 4 0 0 0 1 50 3 1
8 12 0 1 0 5 0 0 0 1 50 3 1
8 13 1 1 0 0 1 1 0 1 100 3 1
8 14 1 1 0 1 1 1 0 1 100 3 1
8 15 1 1 0 2 1 1 0 1 100 3 1
8 16 0 1 0 3 1 1 0 1 100 3 1
8 17 0 1 0 4 1 1 0 1 100 3 1
8 18 0 1 0 5 1 1 0 1 100 3 1
8 19 1 1 0 0 0 1 0 1 1 3 1
8 20 1 1 0 1 0 1 0 1 1 3 1
8 21 1 1 0 2 0 1 0 1 1 3 1
8 22 0 1 0 3 0 1 0 1 1 3 1
8 23 0 1 0 4 0 1 0 1 1 3 1
8 24 0 1 0 5 0 1 0 1 1 3 1
8 25 1 1 0 0 1 2 0 1 50 3 1
8 26 1 1 0 1 1 2 0 1 50 3 1
8 27 1 1 0 2 1 2 0 1 50 3 1
8 28 0 1 0 3 1 2 0 1 50 3 1
8 29 0 1 0 4 1 2 0 1 50 3 1
8 30 0 1 0 5 1 2 0 1 50 3 1
8 31 1 1 0 0 0 2 0 1 100 3 1
8 32 1 1 0 1 0 2 0 1 100 3 1
8 33 1 1 0 2 0 2 0 1 100 3 1
8 34 0 1 0 3 0 2 0 1 100 3 1
8 35 0 1 0 4 0 2 0 1 100 3 1
8 36 0 1 0 5 0 2 0 1 100 3 1
8 37 1 1 0 0 1 3 0 1 1 3 1
8 38 1 1 0 1 1 3 0 1 1 3 1
8 39 1 1 0 2 1 3 0 1 1 3 1
8 40 0 1 0 3 1 3 0 1 1 3 1
8 41 0 1 0 4 1 3 0 1 1 3 1
8 42 0 1 0 5 1 3 0 1 1 3 1
8 43 1 1 0 0 0 3 0 1 50 3 1
8 44 1 1 0 1 0 3 0 1 50 3 1
8 45 1 1 0 2 0 3 0 1 50 3 1
8 46 0 1 0 3 0 3 0 1 50 3 1
8 47 0 1 0 4 0 3 0 1 50 3 1
8 48 0 1 0 5 0 3 0 1 50 3 1
8 49 1 1 0 0 1 4 0 1 100 3 1
8 50 1 1 0 1 1 4 0 1 100 3 1
8 51 1 1 0 2 1 4 0 1 100 3 1
8 52 0 1 0 3 1 4 0 1 100 3 1
8 53 0 1 0 4 1 4 0 1 100 3 1
8 54 0 1 0 5 1 4 0 1 100 3 1
8 55 1 1 0 0 0 4 0 1 1 3 1
8 56 1 1 0 1 0 4 0 1 1 3 1
8 57 1 1 0 2 0 4 0 1 1 3 1
8 58 0 1 0 3 0 4 0 1 1 3 1
8 59 0 1 0 4 0 4 0 1 1 3 1
8 60 0 1 0 5 0 4 0 1 1 3 1
8 61 1 1 0 0 1 5 0 1 50 3 1
8 62 1 1 0 1 1 5 0 1 50 3 1
8 63 1 1 0 2 1 5 0 1 50 3 1
8 64 0 1 0 3 1 5 0 1 50 3 1
8 65 0 1 0 4 1 5 0 1 50 3 1
8 66 0 1 0 5 1 5 0 1 50 3 1
8 67 1 1 0 0 0 5 0 1 100 3 1
8 68 1 1 0 1 0 5 0 1 100 3 1
8 69 1 1 0 2 0 5 0 1 100 3 1
8 70 0 1 0 3 0 5 0 1 100 3 1
8 71 0 1 0 4 0 5 0 1 100 3 1
8 72 0 1 0 5 0 5 0 1 100 3 1
8 73 1 1 0 0 1 6 0 1 1 3 1
8 74 1 1 0 1 1 6 0 1 1 3 1
8 75 1 1 0 2 1 6 0 1 1 3 1
8 76 0 1 0 3 1 6 0 1 1 3 1
8 77 0 1 0 4 1 6 0 1 1 3 1
8 78 0 1 0 5 1 6 0 1 1 3 1
8 79 1 1 0 0 0 6 0 1 50 3 1
8 80 1 1 0 1 0 6 0 1 50 3 1
8 81 1 1 0 2 0 6 0 1 50 3 1
8 82 0 1 0 3 0 6 0 1 50 3 1
8 83 0 1 0 4 0 6 0 1 50 3 1
8 84 0 1 0 5 0 6 0 1 50 3 1
8 85 1 1 0 0 1 7 0 1 100 3 1
8 86 1 1 0 1 1 7 0 1 100 3 1
8 87 1 1 0 2 1 7 0 1 100 3 1
8 88 0 1 0 3 1 7 0 1 100 3 1
8 89 0 1 0 4 1 7 0 1 100 3 1
8 90 0 1 0 5 1 7 0 1 100 3 1
8 91 1 1 0 0 0 7 0 1 1 3 1
8 92 1 1 0 1 0 7 0 1 1 3 1
8 93 1 1 0 2 0 7 0 1 1 3 1
8 94 0 1 0 3 0 7 0 1 1 3 1
8 95 0 1 0 4 0 7 0 1 1 3 1
8 96 0 1 0 5 0 7 0 1 1 3 1
8 97 1 1 0 0 1 8 0 1 50 3 1
8 98 1 1 0 1 1 8 0 1 50 3 1
8 99 1 1 0 2 1 8 0 1 50 3 1
8 100 0 1 0 3 1 8 0 1 50 3 1
8 101 0 1 0 4 1 8 0 1 50 3 1
8 102 0 1 0 5 1 8 0 1 50 3 1
8 103 1 1 0 0 0 8 0 1 100 3 1
8 104 1 1 0 1 0 8 0 1 100 3 1
8 105 1 1 0 2 0 8 0 1 100 3 1
8 106 0 1 0 3 0 8 0 1 100 3 1
8 107 0 1 0 4 0 8 0 1 100 3 1
8 108 0 1 0 5 0 8 0 1 100 3 1
8 109 1 1 0 0 1 9 0 1 1 3 1
8 110 1 1 0 1 1 9 0 1 1 3 1
8 111 1 1 0 2 1 9 0 1 1 3 1
8 112 0 1 0 3 1 9 0 1 1 3 1
8 113 0 1 0 4 1 9 0 1 1 3 1
8 114 0 1 0 5 1 9 0 1 1 3 1
8 115 1 1 0 0 0 9 0 1 50 3 1
8 116 1 1 0 1 0 9 0 1 50 3 1
8 117 1 1 0 2 0 9 0 1 50 3 1
8 118 0 1 0 3 0 9 0 1 50 3 1
8 119 0 1 0 4 0 9 0 1 50 3 1
8 120 0 1 0 5 0 9 0 1 50 3 1
8 121 1 1 0 0 1 10 0 1 100 3 1
8 122 1 1 0 1 1 10 0 1 100 3 1
8 123 1 1 0 2 1 10 0 1 100 3 1
8 124 0 1 0 3 1 10 0 1 100 3 1
8 125 0 1 0 4 1 10 0 1 100 3 1
8 126 0 1 0 5 1 10 0 1 100 3 1
8 127 1 1 0 0 0 10 0 1 1 3 1
8 128 1 1 0 1 0 10 0 1 1 3 1
8 129 1 1 0 2 0 10 0 1 1 3 1
8 130 0 1 0 3 0 10 0 1 1 3 1
8 131 0 1 0 4 0 10 0 1 1 3 1
8 132 0 1 0 5 0 10 0 1 1 3 1
8 133 1 1 0 0 1 11 0 1 50 3 1
8 134 1 1 0 1 1 11 0 1 50 3 1
8 135 1 1 0 2 1 11 0 1 50 3 1
8 136 0 1 0 3 1 11 0 1 50 3 1
8 137 0 1 0 4 1 11 0 1 50 3 1
8 138 0 1 0 5 1 11 0 1 50 3 1
8 139 1 1 0 0 0 11 0 1 100 3 1
8 140 1 1 0 1 0 11 0 1 100 3 1
8 141 1 1 0 2 0 11 0 1 100 3 1
8 142 0 1 0 3 0 11 0 1 100 3 1
8 143 0 1 0 4 0 11 0 1 100 3 1
8 144 0 1 0 5 0 11 0 1 100 3 1
8 145 1 1 0 0 1 12 0 1 1 3 1
8 146 1 1 0 1 1 12 0 1 1 3 1
8 147 1 1 0 2 1 12 0 1 1 3 1
8 148 0 1 0 3 1 12 0 1 1 3 1
8 149 0 1 0 4 1 12 0 1 1 3 1
8 150 0 1 0 5 1 12 0 1 1 3 1
8 151 1 1 0 0 0 12 0 1 50 3 1
8 152 1 1 0 1 0 12 0 1 50 3 1
8 153 1 1 0 2 0 12 0 1 50 3 1
8 154 0 1 0 3 0 12 0 1 50 3 1
8 155 0 1 0 4 0 12 0 1 50 3 1
8 156 0 1 0 5 0 12 0 1 50 3 1
8 157 1 1 0 0 1 13 0 1 100 3 1
8 158 1 1 0 1 1 13 0 1 100 3 1
8 159 1 1 0 2 1 13 0 1 100 3 1
8 160 0 1 0 3 1 13 0 1 100 3 1
8 161 0 1 0 4 1 13 0 1 100 3 1
8 162 0 1 0 5 1 13 0 1 100 3 1
8 163 1 1 0 0 0 13 0 1 1 3 1
8 164 1 1 0 1 0 13 0 1 1 3 1
8 165 1 1 0 2 0 13 0 1 1 3 1
8 166 0 1 0 3 0 13 0 1 1 3 1
8 167 0 1 0 4 0 13 0 1 1 3 1
8 168 0 1 0 5 0 13 0 1 1 3 1
8 169 1 1 0 0 1 14 0 1 50 3 1
8 170 1 1 0 1 1 14 0 1 50 3 1
8 171 1 1 0 2 1 14 0 1 50 3 1
8 172 0 1 0 3 1 14 0 1 50 3 1
8 173 0 1 0 4 1 14 0 1 50 3 1
8 174 0 1 0 5 1 14 0 1 50 3 1
8 175 1 1 0 0 0 14 0 1 100 3 1
8 176 1 1 0 1 0 14 0 1 100 3 1
8 177 1 1 0 2 0 14 0 1 100 3 1
8 178 0 1 0 3 0 14 0 1 100 3 1
8 179 0 1 0 4 0 14 0 1 100 3 1
8 180 0 1 0 5 0 15 1 1 100 3 1
8 181 1 1 0 0 1 15 1 1 1 3 1
8 182 1 1 0 1 1 15 1 1 1 3 1
8 183 1 1 0 2 1 15 1 1 1 3 1
8 184 0 1 0 3 1 15 1 1 1 3 1
8 185 0 1 0 4 1 15 1 1 1 3 1
8 186 0 1 0 5 1 15 1 1 1 3 1
8 187 1 1 0 0 0 15 1 1 50 3 1
8 188 1 1 0 1 0 15 1 1 50 3 1
8 189 1 1 0 2 0 15 1 1 50 3 1
8 190 0 1 0 3 0 15 1 1 50 3 1
8 191 0 1 0 4 0 15 1 1 50 3 1
8 192 0 1 0 5 0 15 1 1 50 3 1
8 193 1 1 0 0 1 16 1 1 100 3 1
8 194 1 1 0 1 1 16 1 1 100 3 1
8 195 1 1 0 2 1 16 1 1 100 3 1
8 196 0 1 0 3 1 16 1 1 100 3 1
8 197 0 1 0 4 1 16 1 1 100 3 1
8 198 0 1 0 5 1 16 1 1 100 3 1
8 199 1 1 0 0 0 16 1 1 1 3 1
8 200 1 1 0 1 0 16 1 1 1 3 1
8 201 1 1 0 2 0 16 1 1 1 3 1
8 202 0 1 0 3 0 16 1 1 1 3 1
8 203 0 1 0 4 0 16 1 1 1 3 1
8 204 0 1 0 5 0 16 1 1 1 3 1
8 205 1 1 0 0 1 17 1 1 50 3 1
8 206 1 1 0 1 1 17 1 1 50 3 1
8 207 1 1 0 2 1 17 1 1 50 3 1
8 208 0 1 0 3 1 17 1 1 50 3 1
8 209 0 1 0 4 1 17 1 1 50 3 1
8 210 0 1 0 5 1 17 1 1 50 3 1
8 211 1 1 0 0 0 17 1 1 100 3 1
8 212 1 1 0 1 0 17 1 1 100 3 1
8 213 1 1 0 2 0 17 1 1 100 3 1
8 214 0 1 0 3 0 17 1 1 100 3 1
8 215 0 1 0 4 0 17 1 1 100 3 1
8 216 0 1 0 5 0 17 1 1 100 3 1
8 217 1 1 0 0 1 18 1 1 1 3 1
8 218 1 1 0 1 1 18 1 1 1 3 1
8 219 1 1 0 2 1 18 1 1 1 3 1
8 220 0 1 0 3 1 18 1 1 1 3 1
8 221 0 1 0 4 1 18 1 1 1 3 1
8 222 0 1 0 5 1 18 1 1 1 3 1
8 223 1 1 0 0 0 18 1 1 50 3 1
8 224 1 1 0 1 0 18 1 1 50 3 1
8 225 1 1 0 2 0 18 1 1 50 3 1
8 226 0 1 0 3 0 18 1 1 50 3 1
8 227 0 1 0 4 0 18 1 1 50 3 1
8 228 0 1 0 5 0 18 1 1 50 3 1
8 229 1 1 0 0 1 19 1 1 100 3 1
8 230 1 1 0 1 1 19 1 1 100 3 1
8 231 1 1 0 2 1 19 1 1 100 3 1
8 232 0 1 0 3 1 19 1 1 100 3 1
8 233 0 1 0 4 1 19 1 1 100 3 1
8 234 0 1 0 5 1 19 1 1 100 3 1
8 235 1 1 0 0 0 19 1 1 1 3 1
8 236 1 1 0 1 0 19 1 1 1 3 1
8 237 1 1 0 2 0 19 1 1 1 3 1
8 238 0 1 0 3 0 19 1 1 1 3 1
8 239 0 1 0 4 0 19 1 1 1 3 1
8 240 0 1 0 5 0 19 1 1 1 3 1
8 241 1 1 0 0 1 20 1 1 50 3 1
8 242 1 1 0 1 1 20 1 1 50 3 1
8 243 1 1 0 2 1 20 1 1 50 3 1
8 244 0 1 0 3 1 20 1 1 50 3 1
8 245 0 1 0 4 1 20 1 1 50 3 1
8 246 0 1 0 5 1 20 1 1 50 3 1
8 247 1 1 0 0 0 20 1 1 100 3 1
8 248 1 1 0 1 0 20 1 1 100 3 1
8 249 1 1 0 2 0 20 1 1 100 3 1
8 250 0 1 0 3 0 20 1 1 100 3 1
8 251 0 1 0 4 0 20 1 1 100 3 1
8 252 0 1 0 5 0 20 1 1 100 3 1
8 253 1 1 0 0 1 20 1 1 1 3 1
8 254 1 1 0 1 1 20 1 1 1 3 1
8 255 1 1 0 2 1 20 1 1 1 3 1
8 256 0 1 0 3 1 20 1 1 1 3 1
8 257 0 1 0 4 1 20 1 1 1 3 1
8 258 0 1 0 5 1 20 1 1 1 3 1
8 259 1 1 0 0 0 21 1 1 50 3 1
8 260 1 1 0 1 0 21 1 1 50 3 1
8 261 1 1 0 2 0 21 1 1 50 3 1
8 262 0 1 0 3 0 21 1 1 50 3 1
8 263 0 1 0 4 0 21 1 1 50 3 1
8 264 0 1 0 5 0 21 1 1 50 3 1
8 265 1 1 0 0 1 21 1 1 100 3 1
8 266 1 1 0 1 1 21 1 1 100 3 1
8 267 1 1 0 2 1 21 1 1 100 3 1
8 268 0 1 0 3 1 21 1 1 100 3 1
8 269 0 1 0 4 1 21 1 1 100 3 1
8 270 0 1 0 5 1 21 1 1 100 3 1
8 271 1 1 0 0 0 21 1 1 1 3 1
8 272 1 1 0 1 0 21 1 1 1 3 1
8 273 1 1 0 2 0 21 1 1 1 3 1
8 274 0 1 0 3 0 21 1 1 1 3 1
8 275 0 1 0 4 0 21 1 1 1 3 1
8 276 0 1 0 5 0 21 1 1 1 3 1
8 277 1 1 0 0 1 22 1 1 50 3 1
8 278 1 1 0 1 1 22 1 1 50 3 1
8 279 1 1 0 2 1 22 1 1 50 3 1
8 280 0 1 0 3 1 22 1 1 50 3 1
8 281 0 1 0 4 1 22 1 1 50 3 1
8 282 0 1 0 5 1 22 1 1 50 3 1
8 283 1 1 0 0 0 22 1 1 100 3 1
8 284 1 1 0 1 0 22 1 1 100 3 1
8 285 1 1 0 2 0 22 1 1 100 3 1
8 286 0 1 0 3 0 22 1 1 100 3 1
8 287 0 1 0 4 0 22 1 1 100 3 1
8 288 0 1 0 5 0 22 1 1 100 3 1
8 289 1 1 0 0 1 23 1 1 1 3 1
8 290 1 1 0 1 1 23 1 1 1 3 1
8 291 1 1 0 2 1 23 1 1 1 3 1
8 292 0 1 0 3 1 23 1 1 1 3 1
8 293 0 1 0 4 1 23 1 1 1 3 1
8 294 0 1 0 5 1 23 1 1 1 3 1
8 295 1 1 0 0 0 23 1 1 50 3 1
8 296 1 1 0 1 0 23 1 1 50 3 1
8 297 1 1 0 2 0 23 1 1 50 3 1
8 298 0 1 0 3 0 23 1 1 50 3 1
8 299 0 1 0 4 0 23 1 1 50 3 1
8 300 0 1 0 5 0 23 1 1 50 3 1
9 1 1 1 0 0 1 0 0 1 1 3 1
9 2 1 1 0 1 1 0 0 1 1 3 1
9 3 1 1 0 2 1 0 0 1 1 3 1
9 4 0 1 0 3 1 0 0 1 1 3 1
9 5 0 1 0 4 1 0 0 1 1 3 1
9 6 0 1 0 5 1 0 0 1 1 3 1
9 7 1 1 0 0 0 0 0 1 50 3 1
9 8 1 1 0 1 0 0 0 1 50 3 1
9 9 1 1 0 2 0 0 0 1 50 3 1
9 10 0 1 0 3 0 0 0 1 50 3 1
9 11 0 1 0 4 0 0 0 1 50 3 1
9 12 0 1 0 5 0 0 0 1 50 3 1
9 13 1 1 0 0 1 1 0 1 100 3 1
9 14 1 1 0 1 1 1 0 1 100 3 1
9 15 1 1 0 2 1 1 0 1 100 3 1
9 16 0 1 0 3 1 1 0 1 100 3 1
9 17 0 1 0 4 1 1 0 1 100 3 1
9 18 0 1 0 5 1 1 0 1 100 3 1
9 19 1 1 0 0 0 1 0 1 1 3 1
9 20 1 1 0 1 0 1 0 1 1 3 1
9 21 1 1 0 2 0 1 0 1 1 3 1
9 22 0 1 0 3 0 1 0 1 1 3 1
9 23 0 1 0 4 0 1 0 1 1 3 1
9 24 0 1 0 5 0 1 0 1 1 3 1
9 25 1 1 0 0 1 2 0 1 50 3 1
9 26 1 1 0 1 1 2 0 1 50 3 1
9 27 1 1 0 2 1 2 0 1 50 3 1
9 28 0 1 0 3 1 2 0 1 50 3 1
9 29 0 1 0 4 1 2 0 1 50 3 1
9 30 0 1 0 5 1 2 0 1 50 3 1
9 31 1 1 0 0 0 2 0 1 100 3 1
9 32 1 1 0 1 0 2 0 1 100 3 1
9 33 1 1 0 2 0 2 0 1 100 3 1
9 34 0 1 0 3 0 2 0 1 100 3 1
9 35 0 1 0 4 0 2 0 1 100 3 1
9 36 0 1 0 5 0 2 0 1 100 3 1
9 37 1 1 0 0 1 3 0 1 1 3 1
9 38 1 1 0 1 1 3 0 1 1 3 1
9 39 1 1 0 2 1 3 0 1 1 3 1
9 40 0 1 0 3 1 3 0 1 1 3 1
9 41 0 1 0 4 1 3 0 1 1 3 1
9 42 0 1 0 5 1 3 0 1 1 3 1
9 43 1 1 0 0 0 3 0 1 50 3 1
9 44 1 1 0 1 0 3 0 1 50 3 1
9 45 1 1 0 2 0 3 0 1 50 3 1
9 46 0 1 0 3 0 3 0 1 50 3 1
9 47 0 1 0 4 0 3 0 1 50 3 1
9 48 0 1 0 5 0 3 0 1 50 3 1
9 49 1 1 0 0 1 4 0 1 100 3 1
9 50 1 1 0 1 1 4 0 1 100 3 1
9 51 1 1 0 2 1 4 0 1 100 3 1
9 52 0 1 0 3 1 4 0 1 100 3 1
9 53 0 1 0 4 1 4 0 1 100 3 1
9 54 0 1 0 5 1 4 0 1 100 3 1
9 55 1 1 0 0 0 4 0 1 1 3 1
9 56 1 1 0 1 0 4 0 1 1 3 1
9 57 1 1 0 2 0 4 0 1 1 3 1
9 58 0 1 0 3 0 4 0 1 1 3 1
9 59 0 1 0 4 0 4 0 1 1 3 1
9 60 0 1 0 5 0 4 0 1 1 3 1
9 61 1 1 0 0 1 5 0 1 50 3 1
9 62 1 1 0 1 1 5 0 1 50 3 1
9 63 1 1 0 2 1 5 0 1 50 3 1
9 64 0 1 0 3 1 5 0 1 50 3 1
9 65 0 1 0 4 1 5 0 1 50 3 1
9 66 0 1 0 5 1 5 0 1 50 3 1
9 67 1 1 0 0 0 5 0 1 100 3 1
9 68 1 1 0 1 0 5 0 1 100 3 1
9 69 1 1 0 2 0 5 0 1 100 3 1
9 70 0 1 0 3 0 5 0 1 100 3 1
9 71 0 1 0 4 0 5 0 1 100 3 1
9 72 0 1 0 5 0 5 0 1 100 3 1
9 73 1 1 0 0 1 6 0 1 1 3 1
9 74 1 1 0 1 1 6 0 1 1 3 1
9 75 1 1 0 2 1 6 0 1 1 3 1
9 76 0 1 0 3 1 6 0 1 1 3 1
9 77 0 1 0 4 1 6 0 1 1 3 1
9 78 0 1 0 5 1 6 0 1 1 3 1
9 79 1 1 0 0 0 6 0 1 50 3 1
9 80 1 1 0 1 0 6 0 1 50 3 1
9 81 1 1 0 2 0 6 0 1 50 3 1
9 82 0 1 0 3 0 6 0 1 50 3 1
9 83 0 1 0 4 0 6 0 1 50 3 1
9 84 0 1 0 5 0 6 0 1 50 3 1
9 85 1 1 0 0 1 7 0 1 100 3 1
9 86 1 1 0 1 1 7 0 1 100 3 1
9 87 1 1 0 2 1 7 0 1 100 3 1
9 88 0 1 0 3 1 7 0 1 100 3 1
9 89 0 1 0 4 1 7 0 1 100 3 1
9 90 0 1 0 5 1 7 0 1 100 3 1
9 91 1 1 0 0 0 7 0 1 1 3 1
9 92 1 1 0 1 0 7 0 1 1 3 1
9 93 1 1 0 2 0 7 0 1 1 3 1
9 94 0 1 0 3 0 7 0 1 1 3 1
9 95 0 1 0 4 0 7 0 1 1 3 1
9 96 0 1 0 5 0 7 0 1 1 3 1
9 97 1 1 0 0 1 8 0 1 50 3 1
9 98 1 1 0 1 1 8 0 1 50 3 1
9 99 1 1 0 2 1 8 0 1 50 3 1
9 100 0 1 0 3 1 8 0 1 50 3 1
9 101 0 1 0 4 1 8 0 1 50 3 1
9 102 0 1 0 5 1 8 0 1 50 3 1
9 103 1 1 0 0 0 8 0 1 100 3 1
9 104 1 1 0 1 0 8 0 1 100 3 1
9 105 1 1 0 2 0 8 0 1 100 3 1
9 106 0 1 0 3 0 8 0 1 100 3 1
9 107 0 1 0 4 0 8 0 1 100 3 1
9 108 0 1 0 5 0 8 0 1 100 3 1
9 109 1 1 0 0 1 9 0 1 1 3 1
9 110 1 1 0 1 1 9 0 1 1 3 1
9 111 1 1 0 2 1 9 0 1 1 3 1
9 112 0 1 0 3 1 9 0 1 1 3 1
9 113 0 1 0 4 1 9 0 1 1 3 1
9 114 0 1 0 5 1 9 0 1 1 3 1
9 115 1 1 0 0 0 9 0 1 50 3 1
9 116 1 1 0 1 0 9 0 1 50 3 1
9 117 1 1 0 2 0 9 0 1 50 3 1
9 118 0 1 0 3 0 9 0 1 50 3 1
9 119 0 1 0 4 0 9 0 1 50 3 1
9 120 0 1 0 5 0 9 0 1 50 3 1
9 121 1 1 0 0 1 10 0 1 100 3 1
9 122 1 1 0 1 1 10 0 1 100 3 1
9 123 1 1 0 2 1 10 0 1 100 3 1
9 124 0 1 0 3 1 10 0 1 100 3 1
9 125 0 1 0 4 1 10 0 1 100 3 1
9 126 0 1 0 5 1 10 0 1 100 3 1
9 127 1 1 0 0 0 10 0 1 1 3 1
9 128 1 1 0 1 0 10 0 1 1 3 1
9 129 1 1 0 2 0 10 0 1 1 3 1
9 130 0 1 0 3 0 10 0 1 1 3 1
9 131 0 1 0 4 0 10 0 1 1 3 1
9 132 0 1 0 5 0 10 0 1 1 3 1
9 133 1 1 0 0 1 11 0 1 50 3 1
9 134 1 1 0 1 1 11 0 1 50 3 1
9 135 1 1 0 2 1 11 0 1 50 3 1
9 136 0 1 0 3 1 11 0 1 50 3 1
9 137 0 1 0 4 1 11 0 1 50 3 1
9 138 0 1 0 5 1 11 0 1 50 3 1
9 139 1 1 0 0 0 11 0 1 100 3 1
9 140 1 1 0 1 0 11 0 1 100 3 1
9 141 1 1 0 2 0 11 0 1 100 3 1
9 142 0 1 0 3 0 11 0 1 100 3 1
9 143 0 1 0 4 0 11 0 1 100 3 1
9 144 0 1 0 5 0 11 0 1 100 3 1
9 145 1 1 0 0 1 12 0 1 1 3 1
9 146 1 1 0 1 1 12 0 1 1 3 1
9 147 1 1 0 2 1 12 0 1 1 3 1
9 148 0 1 0 3 1 12 0 1 1 3 1
9 149 0 1 0 4 1 12 0 1 1 3 1
9 150 0 1 0 5 1 12 0 1 1 3 1
9 151 1 1 0 0 0 12 0 1 50 3 1
9 152 1 1 0 1 0 12 0 1 50 3 1
9 153 1 1 0 2 0 12 0 1 50 3 1
9 154 0 1 0 3 0 12 0 1 50 3 1
9 155 0 1 0 4 0 12 0 1 50 3 1
9 156 0 1 0 5 0 12 0 1 50 3 1
9 157 1 1 0 0 1 13 0 1 100 3 1
9 158 1 1 0 1 1 13 0 1 100 3 1
9 159 1 1 0 2 1 13 0 1 100 3 1
9 160 0 1 0 3 1 13 0 1 100 3 1
9 161 0 1 0 4 1 13 0 1 100 3 1
9 162 0 1 0 5 1 13 0 1 100 3 1
9 163 1 1 0 0 0 13 0 1 1 3 1
9 164 1 1 0 1 0 13 0 1 1 3 1
9 165 1 1 0 2 0 13 0 1 1 3 1
9 166 0 1 0 3 0 13 0 1 1 3 1
9 167 0 1 0 4 0 13 0 1 1 3 1
9 168 0 1 0 5 0 13 0 1 1 3 1
9 169 1 1 0 0 1 14 0 1 50 3 1
9 170 1 1 0 1 1 14 0 1 50 3 1
9 171 1 1 0 2 1 14 0 1 50 3 1
9 172 0 1 0 3 1 14 0 1 50 3 1
9 173 0 1 0 4 1 14 0 1 50 3 1
9 174 0 1 0 5 1 14 0 1 50 3 1
9 175 1 1 0 0 0 14 0 1 100 3 1
9 176 1 1 0 1 0 14 0 1 100 3 1
9 177 1 1 0 2 0 14 0 1 100 3 1
9 178 0 1 0 3 0 14 0 1 100 3 1
9 179 0 1 0 4 0 14 0 1 100 3 1
9 180 0 1 0 5 0 15 1 1 100 3 1
9 181 1 1 0 0 1 15 1 1 1 3 1
9 182 1 1 0 1 1 15 1 1 1 3 1
9 183 1 1 0 2 1 15 1 1 1 3 1
9 184 0 1 0 3 1 15 1 1 1 3 1
9 185 0 1 0 4 1 15 1 1 1 3 1
9 186 0 1 0 5 1 15 1 1 1 3 1
9 187 1 1 0 0 0 15 1 1 50 3 1
9 188 1 1 0 1 0 15 1 1 50 3 1
9 189 1 1 0 2 0 15 1 1 50 3 1
9 190 0 1 0 3 0 15 1 1 50 3 1
9 191 0 1 0 4 0 15 1 1 50 3 1
9 192 0 1 0 5 0 15 1 1 50 3 1
9 193 1 1 0 0 1 16 1 1 100 3 1
9 194 1 1 0 1 1 16 1 1 100 3 1
9 195 1 1 0 2 1 16 1 1 100 3 1
9 196 0 1 0 3 1 16 1 1 100 3 1
9 197 0 1 0 4 1 16 1 1 100 3 1
9 198 0 1 0 5 1 16 1 1 100 3 1
9 199 1 1 0 0 0 16 1 1 1 3 1
9 200 1 1 0 1 0 16 1 1 1 3 1
9 201 1 1 0 2 0 16 1 1 1 3 1
9 202 0 1 0 3 0 16 1 1 1 3 1
9 203 0 1 0 4 0 16 1 1 1 3 1
9 204 0 1 0 5 0 16 1 1 1 3 1
9 205 1 1 0 0 1 17 1 1 50 3 1
9 206 1 1 0 1 1 17 1 1 50 3 1
9 207 1 1 0 2 1 17 1 1 50 3 1
9 208 0 1 0 3 1 17 1 1 50 3 1
9 209 0 1 0 4 1 17 1 1 50 3 1
9 210 0 1 0 5 1 17 1 1 50 3 1
9 211 1 1 0 0 0 17 1 1 100 3 1
9 212 1 1 0 1 0 17 1 1 100 3 1
9 213 1 1 0 2 0 17 1 1 100 3 1
9 214 0 1 0 3 0 17 1 1 100 3 1
9 215 0 1 0 4 0 17 1 1 100 3 1
9 216 0 1 0 5 0 17 1 1 100 3 1
9 217 1 1 0 0 1 18 1 1 1 3 1
9 218 1 1 0 1 1 18 1 1 1 3 1
9 219 1 1 0 2 1 18 1 1 1 3 1
9 220 0 1 0 3 1 18 1 1 1 3 1
9 221 0 1 0 4 1 18 1 1 1 3 1
9 222 0 1 0 5 1 18 1 1 1 3 1
9 223 1 1 0 0 0 18 1 1 50 3 1
9 224 1 1 0 1 0 18 1 1 50 3 1
9 225 1 1 0 2 0 18 1 1 50 3 1
9 226 0 1 0 3 0 18 1 1 50 3 1
9 227 0 1 0 4 0 18 1 1 50 3 1
9 228 0 1 0 5 0 18 1 1 50 3 1
9 229 1 1 0 0 1 19 1 1 100 3 1
9 230 1 1 0 1 1 19 1 1 100 3 1
9 231 1 1 0 2 1 19 1 1 100 3 1
9 232 0 1 0 3 1 19 1 1 100 3 1
9 233 0 1 0 4 1 19 1 1 100 3 1
9 234 0 1 0 5 1 19 1 1 100 3 1
9 235 1 1 0 0 0 19 1 1 1 3 1
9 236 1 1 0 1 0 19 1 1 1 3 1
9 237 1 1 0 2 0 19 1 1 1 3 1
9 238 0 1 0 3 0 19 1 1 1 3 1
9 239 0 1 0 4 0 19 1 1 1 3 1
9 240 0 1 0 5 0 19 1 1 1 3 1
9 241 1 1 0 0 1 20 1 1 50 3 1
9 242 1 1 0 1 1 20 1 1 50 3 1
9 243 1 1 0 2 1 20 1 1 50 3 1
9 244 0 1 0 3 1 20 1 1 50 3 1
9 245 0 1 0 4 1 20 1 1 50 3 1
9 246 0 1 0 5 1 20 1 1 50 3 1
9 247 1 1 0 0 0 20 1 1 100 3 1
9 248 1 1 0 1 0 20 1 1 100 3 1
9 249 1 1 0 2 0 20 1 1 100 3 1
9 250 0 1 0 3 0 20 1 1 100 3 1
9 251 0 1 0 4 0 20 1 1 100 3 1
9 252 0 1 0 5 0 20 1 1 100 3 1
9 253 1 1 0 0 1 20 1 1 1 3 1
9 254 1 1 0 1 1 20 1 1 1 3 1
9 255 1 1 0 2 1 20 1 1 1 3 1
9 256 0 1 0 3 1 20 1 1 1 3 1
9 257 0 1 0 4 1 20 1 1 1 3 1
9 258 0 1 0 5 1 20 1 1 1 3 1
9 259 1 1 0 0 0 21 1 1 50 3 1
9 260 1 1 0 1 0 21 1 1 50 3 1
9 261 1 1 0 2 0 21 1 1 50 3 1
9 262 0 1 0 3 0 21 1 1 50 3 1
9 263 0 1 0 4 0 21 1 1 50 3 1
9 264 0 1 0 5 0 21 1 1 50 3 1
9 265 1 1 0 0 1 21 1 1 100 3 1
9 266 1 1 0 1 1 21 1 1 100 3 1
9 267 1 1 0 2 1 21 1 1 100 3 1
9 268 0 1 0 3 1 21 1 1 100 3 1
9 269 0 1 0 4 1 21 1 1 100 3 1
9 270 0 1 0 5 1 21 1 1 100 3 1
9 271 1 1 0 0 0 21 1 1 1 3 1
9 272 1 1 0 1 0 21 1 1 1 3 1
9 273 1 1 0 2 0 21 1 1 1 3 1
9 274 0 1 0 3 0 21 1 1 1 3 1
9 275 0 1 0 4 0 21 1 1 1 3 1
9 276 0 1 0 5 0 21 1 1 1 3 1
9 277 1 1 0 0 1 22 1 1 50 3 1
9 278 1 1 0 1 1 22 1 1 50 3 1
9 279 1 1 0 2 1 22 1 1 50 3 1
9 280 0 1 0 3 1 22 1 1 50 3 1
9 281 0 1 0 4 1 22 1 1 50 3 1
9 282 0 1 0 5 1 22 1 1 50 3 1
9 283 1 1 0 0 0 22 1 1 100 3 1
9 284 1 1 0 1 0 22 1 1 100 3 1
9 285 1 1 0 2 0 22 1 1 100 3 1
9 286 0 1 0 3 0 22 1 1 100 3 1
9 287 0 1 0 4 0 22 1 1 100 3 1
9 288 0 1 0 5 0 22 1 1 100 3 1
9 289 1 1 0 0 1 23 1 1 1 3 1
9 290 1 1 0 1 1 23 1 1 1 3 1
9 291 1 1 0 2 1 23 1 1 1 3 1
9 292 0 1 0 3 1 23 1 1 1 3 1
9 293 0 1 0 4 1 23 1 1 1 3 1
9 294 0 1 0 5 1 23 1 1 1 3 1
9 295 1 1 0 0 0 23 1 1 50 3 1
9 296 1 1 0 1 0 23 1 1 50 3 1
9 297 1 1 0 2 0 23 1 1 50 3 1
9 298 0 1 0 3 0 23 1 1 50 3 1
9 299 0 1 0 4 0 23 1 1 50 3 1
9 300 0 1 0 5 0 23 1 1 50 3 1
10 1 1 1 0 0 1 0 0 1 1 3 1
10 2 1 1 0 1 1 0 0 1 1 3 1
10 3 1 1 0 2 1 0 0 1 1 3 1
10 4 0 1 0 3 1 0 0 1 1 3 1
10 5 0 1 0 4 1 0 0 1 1 3 1
10 6 0 1 0 5 1 0 0 1 1 3 1
10 7 1 1 0 0 0 0 0 1 50 3 1
10 8 1 1 0 1 0 0 0 1 50 3 1
10 9 1 1 0 2 0 0 0 1 50 3 1
10 10 0 1 0 3 0 0 0 1 50 3 1
10 11 0 1 0 4 0 0 0 1 50 3 1
10 12 0 1 0 5 0 0 0 1 50 3 1
10 13 1 1 0 0 1 1 0 1 100 3 1
10 14 1 1 0 1 1 1 0 1 100 3 1
10 15 1 1 0 2 1 1 0 1 100 3 1
10 16 0 1 0 3 1 1 0 1 100 3 1
10 17 0 1 0 4 1 1 0 1 100 3 1
10 18 0 1 0 5 1 1 0 1 100 3 1
10 19 1 1 0 0 0 1 0 1 1 3 1
10 20 1 1 0 1 0 1 0 1 1 3 1
10 21 1 1 0 2 0 1 0 1 1 3 1
10 22 0 1 0 3 0 1 0 1 1 3 1
10 23 0 1 0 4 0 1 0 1 1 3 1
10 24 0 1 0 5 0 1 0 1 1 3 1
10 25 1 1 0 0 1 2 0 1 50 3 1
10 26 1 1 0 1 1 2 0 1 50 3 1
10 27 1 1 0 2 1 2 0 1 50 3 1
10 28 0 1 0 3 1 2 0 1 50 3 1
10 29 0 1 0 4 1 2 0 1 50 3 1
10 30 0 1 0 5 1 2 0 1 50 3 1
10 31 1 1 0 0 0 2 0 1 100 3 1
10 32 1 1 0 1 0 2 0 1 100 3 1
10 33 1 1 0 2 0 2 0 1 100 3 1
10 34 0 1 0 3 0 2 0 1 100 3 1
10 35 0 1 0 4 0 2 0 1 100 3 1
10 36 0 1 0 5 0 2 0 1 100 3 1
10 37 1 1 0 0 1 3 0 1 1 3 1
10 38 1 1 0 1 1 3 0 1 1 3 1
10 39 1 1 0 2 1 3 0 1 1 3 1
10 40 0 1 0 3 1 3 0 1 1 3 1
10 41 0 1 0 4 1 3 0 1 1 3 1
10 42 0 1 0 5 1 3 0 1 1 3 1
10 43 1 1 0 0 0 3 0 1 50 3 1
10 44 1 1 0 1 0 3 0 1 50 3 1
10 45 1 1 0 2 0 3 0 1 50 3 1
10 46 0 1 0 3 0 3 0 1 50 3 1
10 47 0 1 0 4 0 3 0 1 50 3 1
10 48 0 1 0 5 0 3 0 1 50 3 1
10 49 1 1 0 0 1 4 0 1 100 3 1
10 50 1 1 0 1 1 4 0 1 100 3 1
10 51 1 1 0 2 1 4 0 1 100 3 1
10 52 0 1 0 3 1 4 0 1 100 3 1
10 53 0 1 0 4 1 4 0 1 100 3 1
10 54 0 1 0 5 1 4 0 1 100 3 1
10 55 1 1 0 0 0 4 0 1 1 3 1
10 56 1 1 0 1 0 4 0 1 1 3 1
10 57 1 1 0 2 0 4 0 1 1 3 1
10 58 0 1 0 3 0 4 0 1 1 3 1
10 59 0 1 0 4 0 4 0 1 1 3 1
10 60 0 1 0 5 0 4 0 1 1 3 1
10 61 1 1 0 0 1 5 0 1 50 3 1
10 62 1 1 0 1 1 5 0 1 50 3 1
10 63 1 1 0 2 1 5 0 1 50 3 1
10 64 0 1 0 3 1 5 0 1 50 3 1
10 65 0 1 0 4 1 5 0 1 50 3 1
10 66 0 1 0 5 1 5 0 1 50 3 1
10 67 1 1 0 0 0 5 0 1 100 3 1
10 68 1 1 0 1 0 5 0 1 100 3 1
10 69 1 1 0 2 0 5 0 1 100 3 1
10 70 0 1 0 3 0 5 0 1 100 3 1
10 71 0 1 0 4 0 5 0 1 100 3 1
10 72 0 1 0 5 0 5 0 1 100 3 1
10 73 1 1 0 0 1 6 0 1 1 3 1
10 74 1 1 0 1 1 6 0 1 1 3 1
10 75 1 1 0 2 1 6 0 1 1 3 1
10 76 0 1 0 3 1 6 0 1 1 3 1
10 77 0 1 0 4 1 6 0 1 1 3 1
10 78 0 1 0 5 1 6 0 1 1 3 1
10 79 1 1 0 0 0 6 0 1 50 3 1
10 80 1 1 0 1 0 6 0 1 50 3 1
10 81 1 1 0 2 0 6 0 1 50 3 1
10 82 0 1 0 3 0 6 0 1 50 3 1
10 83 0 1 0 4 0 6 0 1 50 3 1
10 84 0 1 0 5 0 6 0 1 50 3 1
10 85 1 1 0 0 1 7 0 1 100 3 1
10 86 1 1 0 1 1 7 0 1 100 3 1
10 87 1 1 0 2 1 7 0 1 100 3 1
10 88 0 1 0 3 1 7 0 1 100 3 1
10 89 0 1 0 4 1 7 0 1 100 3 1
10 90 0 1 0 5 1 7 0 1 100 3 1
10 91 1 1 0 0 0 7 0 1 1 3 1
10 92 1 1 0 1 0 7 0 1 1 3 1
10 93 1 1 0 2 0 7 0 1 1 3 1
10 94 0 1 0 3 0 7 0 1 1 3 1
10 95 0 1 0 4 0 7 0 1 1 3 1
10 96 0 1 0 5 0 7 0 1 1 3 1
10 97 1 1 0 0 1 8 0 1 50 3 1
10 98 1 1 0 1 1 8 0 1 50 3 1
10 99 1 1 0 2 1 8 0 1 50 3 1
10 100 0 1 0 3 1 8 0 1 50 3 1
10 101 0 1 0 4 1 8 0 1 50 3 1
10 102 0 1 0 5 1 8 0 1 50 3 1
10 103 1 1 0 0 0 8 0 1 100 3 1
10 104 1 1 0 1 0 8 0 1 100 3 1
10 105 1 1 0 2 0 8 0 1 100 3 1
10 106 0 1 0 3 0 8 0 1 100 3 1
10 107 0 1 0 4 0 8 0 1 100 3 1
10 108 0 1 0 5 0 8 0 1 100 3 1
10 109 1 1 0 0 1 9 0 1 1 3 1
10 110 1 1 0 1 1 9 0 1 1 3 1
10 111 1 1 0 2 1 9 0 1 1 3 1
10 112 0 1 0 3 1 9 0 1 1 3 1
10 113 0 1 0 4 1 9 0 1 1 3 1
10 114 0 1 0 5 1 9 0 1 1 3 1
10 115 1 1 0 0 0 9 0 1 50 3 1
10 116 1 1 0 1 0 9 0 1 50 3 1
10 117 1 1 0 2 0 9 0 1 50 3 1
10 118 0 1 0 3 0 9 0 1 50 3 1
10 119 0 1 0 4 0 9 0 1 50 3 1
10 120 0 1 0 5 0 9 0 1 50 3 1
10 121 1 1 0 0 1 10 0 1 100 3 1
10 122 1 1 0 1 1 10 0 1 100 3 1
10 123 1 1 0 2 1 10 0 1 100 3 1
10 124 0 1 0 3 1 10 0 1 100 3 1
10 125 0 1 0 4 1 10 0 1 100 3 1
10 126 0 1 0 5 1 10 0 1 100 3 1
10 127 1 1 0 0 0 10 0 1 1 3 1
10 128 1 1 0 1 0 10 0 1 1 3 1
10 129 1 1 0 2 0 10 0 1 1 3 1
10 130 0 1 0 3 0 10 0 1 1 3 1
10 131 0 1 0 4 0 10 0 1 1 3 1
10 132 0 1 0 5 0 10 0 1 1 3 1
10 133 1 1 0 0 1 11 0 1 50 3 1
10 134 1 1 0 1 1 11 0 1 50 3 1
10 135 1 1 0 2 1 11 0 1 50 3 1
10 136 0 1 0 3 1 11 0 1 50 3 1
10 137 0 1 0 4 1 11 0 1 50 3 1
10 138 0 1 0 5 1 11 0 1 50 3 1
10 139 1 1 0 0 0 11 0 1 100 3 1
10 140 1 1 0 1 0 11 0 1 100 3 1
10 141 1 1 0 2 0 11 0 1 100 3 1
10 142 0 1 0 3 0 11 0 1 100 3 1
10 143 0 1 0 4 0 11 0 1 100 3 1
10 144 0 1 0 5 0 11 0 1 100 3 1
10 145 1 1 0 0 1 12 0 1 1 3 1
10 146 1 1 0 1 1 12 0 1 1 3 1
10 147 1 1 0 2 1 12 0 1 1 3 1
10 148 0 1 0 3 1 12 0 1 1 3 1
10 149 0 1 0 4 1 12 0 1 1 3 1
10 150 0 1 0 5 1 12 0 1 1 3 1
10 151 1 1 0 0 0 12 0 1 50 3 1
10 152 1 1 0 1 0 12 0 1 50 3 1
10 153 1 1 0 2 0 12 0 1 50 3 1
10 154 0 1 0 3 0 12 0 1 50 3 1
10 155 0 1 0 4 0 12 0 1 50 3 1
10 156 0 1 0 5 0 12 0 1 50 3 1
10 157 1 1 0 0 1 13 0 1 100 3 1
10 158 1 1 0 1 1 13 0 1 100 3 1
10 159 1 1 0 2 1 13 0 1 100 3 1
10 160 0 1 0 3 1 13 0 1 100 3 1
10 161 0 1 0 4 1 13 0 1 100 3 1
10 162 0 1 0 5 1 13 0 1 100 3 1
10 163 1 1 0 0 0 13 0 1 1 3 1
10 164 1 1 0 1 0 13 0 1 1 3 1
10 165 1 1 0 2 0 13 0 1 1 3 1
10 166 0 1 0 3 0 13 0 1 1 3 1
10 167 0 1 0 4 0 13 0 1 1 3 1
10 168 0 1 0 5 0 13 0 1 1 3 1
10 169 1 1 0 0 1 14 0 1 50 3 1
10 170 1 1 0 1 1 14 0 1 50 3 1
10 171 1 1 0 2 1 14 0 1 50 3 1
10 172 0 1 0 3 1 14 0 1 50 3 1
10 173 0 1 0 4 1 14 0 1 50 3 1
10 174 0 1 0 5 1 14 0 1 50 3 1
10 175 1 1 0 0 0 14 0 1 100 3 1
10 176 1 1 0 1 0 14 0 1 100 3 1
10 177 1 1 0 2 0 14 0 1 100 3 1
10 178 0 1 0 3 0 14 0 1 100 3 1
10 179 0 1 0 4 0 14 0 1 100 3 1
10 180 0 1 0 5 0 15 1 1 100 3 1
10 181 1 1 0 0 1 15 1 1 1 3 1
10 182 1 1 0 1 1 15 1 1 1 3 1
10 183 1 1 0 2 1 15 1 1 1 3 1
10 184 0 1 0 3 1 15 1 1 1 3 1
10 185 0 1 0 4 1 15 1 1 1 3 1
10 186 0 1 0 5 1 15 1 1 1 3 1
10 187 1 1 0 0 0 15 1 1 50 3 1
10 188 1 1 0 1 0 15 1 1 50 3 1
10 189 1 1 0 2 0 15 1 1 50 3 1
10 190 0 1 0 3 0 15 1 1 50 3 1
10 191 0 1 0 4 0 15 1 1 50 3 1
10 192 0 1 0 5 0 15 1 1 50 3 1
10 193 1 1 0 0 1 16 1 1 100 3 1
10 194 1 1 0 1 1 16 1 1 100 3 1
10 195 1 1 0 2 1 16 1 1 100 3 1
10 196 0 1 0 3 1 16 1 1 100 3 1
10 197 0 1 0 4 1 16 1 1 100 3 1
10 198 0 1 0 5 1 16 1 1 100 3 1
10 199 1 1 0 0 0 16 1 1 1 3 1
10 200 1 1 0 1 0 16 1 1 1 3 1
10 201 1 1 0 2 0 16 1 1 1 3 1
10 202 0 1 0 3 0 16 1 1 1 3 1
10 203 0 1 0 4 0 16 1 1 1 3 1
10 204 0 1 0 5 0 16 1 1 1 3 1
10 205 1 1 0 0 1 17 1 1 50 3 1
10 206 1 1 0 1 1 17 1 1 50 3 1
10 207 1 1 0 2 1 17 1 1 50 3 1
10 208 0 1 0 3 1 17 1 1 50 3 1
10 209 0 1 0 4 1 17 1 1 50 3 1
10 210 0 1 0 5 1 17 1 1 50 3 1
10 211 1 1 0 0 0 17 1 1 100 3 1
10 212 1 1 0 1 0 17 1 1 100 3 1
10 213 1 1 0 2 0 17 1 1 100 3 1
10 214 0 1 0 3 0 17 1 1 100 3 1
10 215 0 1 0 4 0 17 1 1 100 3 1
10 216 0 1 0 5 0 17 1 1 100 3 1
10 217 1 1 0 0 1 18 1 1 1 3 1
10 218 1 1 0 1 1 18 1 1 1 3 1
10 219 1 1 0 2 1 18 1 1 1 3 1
10 220 0 1 0 3 1 18 1 1 1 3 1
10 221 0 1 0 4 1 18 1 1 1 3 1
10 222 0 1 0 5 1 18 1 1 1 3 1
10 223 1 1 0 0 0 18 1 1 50 3 1
10 224 1 1 0 1 0 18 1 1 50 3 1
10 225 1 1 0 2 0 18 1 1 50 3 1
10 226 0 1 0 3 0 18 1 1 50 3 1
10 227 0 1 0 4 0 18 1 1 50 3 1
10 228 0 1 0 5 0 18 1 1 50 3 1
10 229 1 1 0 0 1 19 1 1 100 3 1
10 230 1 1 0 1 1 19 1 1 100 3 1
10 231 1 1 0 2 1 19 1 1 100 3 1
10 232 0 1 0 3 1 19 1 1 100 3 1
10 233 0 1 0 4 1 19 1 1 100 3 1
10 234 0 1 0 5 1 19 1 1 100 3 1
10 235 1 1 0 0 0 19 1 1 1 3 1
10 236 1 1 0 1 0 19 1 1 1 3 1
10 237 1 1 0 2 0 19 1 1 1 3 1
10 238 0 1 0 3 0 19 1 1 1 3 1
10 239 0 1 0 4 0 19 1 1 1 3 1
10 240 0 1 0 5 0 19 1 1 1 3 1
10 241 1 1 0 0 1 20 1 1 50 3 1
10 242 1 1 0 1 1 20 1 1 50 3 1
10 243 1 1 0 2 1 20 1 1 50 3 1
10 244 0 1 0 3 1 20 1 1 50 3 1
10 245 0 1 0 4 1 20 1 1 50 3 1
10 246 0 1 0 5 1 20 1 1 50 3 1
10 247 1 1 0 0 0 20 1 1 100 3 1
10 248 1 1 0 1 0 20 1 1 100 3 1
10 249 1 1 0 2 0 20 1 1 100 3 1
10 250 0 1 0 3 0 20 1 1 100 3 1
10 251 0 1 0 4 0 20 1 1 100 3 1
10 252 0 1 0 5 0 20 1 1 100 3 1
10 253 1 1 0 0 1 20 1 1 1 3 1
10 254 1 1 0 1 1 20 1 1 1 3 1
10 255 1 1 0 2 1 20 1 1 1 3 1
10 256 0 1 0 3 1 20 1 1 1 3 1
10 257 0 1 0 4 1 20 1 1 1 3 1
10 258 0 1 0 5 1 20 1 1 1 3 1
10 259 1 1 0 0 0 21 1 1 50 3 1
10 260 1 1 0 1 0 21 1 1 50 3 1
10 261 1 1 0 2 0 21 1 1 50 3 1
10 262 0 1 0 3 0 21 1 1 50 3 1
10 263 0 1 0 4 0 21 1 1 50 3 1
10 264 0 1 0 5 0 21 1 1 50 3 1
10 265 1 1 0 0 1 21 1 1 100 3 1
10 266 1 1 0 1 1 21 1 1 100 3 1
10 267 1 1 0 2 1 21 1 1 100 3 1
10 268 0 1 0 3 1 21 1 1 100 3 1
10 269 0 1 0 4 1 21 1 1 100 3 1
10 270 0 1 0 5 1 21 1 1 100 3 1
10 271 1 1 0 0 0 21 1 1 1 3 1
10 272 1 1 0 1 0 21 1 1 1 3 1
10 273 1 1 0 2 0 21 1 1 1 3 1
10 274 0 1 0 3 0 21 1 1 1 3 1
10 275 0 1 0 4 0 21 1 1 1 3 1
10 276 0 1 0 5 0 21 1 1 1 3 1
10 277 1 1 0 0 1 22 1 1 50 3 1
10 278 1 1 0 1 1 22 1 1 50 3 1
10 279 1 1 0 2 1 22 1 1 50 3 1
10 280 0 1 0 3 1 22 1 1 50 3 1
10 281 0 1 0 4 1 22 1 1 50 3 1
10 282 0 1 0 5 1 22 1 1 50 3 1
10 283 1 1 0 0 0 22 1 1 100 3 1
10 284 1 1 0 1 0 22 1 1 100 3 1
10 285 1 1 0 2 0 22 1 1 100 3 1
10 286 0 1 0 3 0 22 1 1 100 3 1
10 287 0 1 0 4 0 22 1 1 100 3 1
10 288 0 1 0 5 0 22 1 1 100 3 1
10 289 1 1 0 0 1 23 1 1 1 3 1
10 290 1 1 0 1 1 23 1 1 1 3 1
10 291 1 1 0 2 1 23 1 1 1 3 1
10 292 0 1 0 3 1 23 1 1 1 3 1
10 293 0 1 0 4 1 23 1 1 1 3 1
10 294 0 1 0 5 1 23 1 1 1 3 1
10 295 1 1 0 0 0 23 1 1 50 3 1
10 296 1 1 0 1 0 23 1 1 50 3 1
10 297 1 1 0 2 0 23 1 1 50 3 1
10 298 0 1 0 3 0 23 1 1 50 3 1
10 299 0 1 0 4 0 23 1 1 50 3 1
10 300 0 1 0 5 0 23 1 1 50 3 1
