# id layer ladder module type DTC
   0     0      0      0   PS   0
   1     1      0      0   PS   0
   2     2      0      0   PS   0
   3     3      0      0   2S   0
   4     4      0      0   2S   0
   5     5      0      0   2S   0
   6     0      1      0   PS   0
   7     1      1      0   PS   0
   8     2      1      0   PS   0
   9     3      1      0   2S   0
  10     4      1      0   2S   0
  11     5      1      0   2S   0
  12     0      0      1   PS   0
  13     1      0      1   PS   0
  14     2      0      1   PS   0
  15     3      0      1   2S   0
  16     4      0      1   2S   0
  17     5      0      1   2S   0
  18     0      1      1   PS   0
  19     1      1      1   PS   0
  20     2      1      1   PS   0
  21     3      1      1   2S   0
  22     4      1      1   2S   0
  23     5      1      1   2S   0
  24     0      0      2   PS   0
  25     1      0      2   PS   0
  26     2      0      2   PS   0
  27     3      0      2   2S   0
  28     4      0      2   2S   0
  29     5      0      2   2S   0
  30     0      1      2   PS   0
  31     1      1      2   PS   0
  32     2      1      2   PS   0
  33     3      1      2   2S   0
  34     4      1      2   2S   0
  35     5      1      2   2S   0
  36     0      0      3   PS   0
  37     1      0      3   PS   0
  38     2      0      3   PS   0
  39     3      0      3   2S   0
  40     4      0      3   2S   0
  41     5      0      3   2S   0
  42     0      1      3   PS   0
  43     1      1      3   PS   0
  44     2      1      3   PS   0
  45     3      1      3   2S   0
  46     4      1      3   2S   0
  47     5      1      3   2S   0
  48     0      0      4   PS   0
  49     1      0      4   PS   0
  50     0      0      5   PS   1
  51     1      0      5   PS   1
  52     2      0      5   PS   1
  53     3      0      5   2S   1
  54     4      0      5   2S   1
  55     5      0      5   2S   1
  56     0      1      5   PS   1
  57     1      1      5   PS   1
  58     2      1      5   PS   1
  59     3      1      5   2S   1
  60     4      1      5   2S   1
  61     5      1      5   2S   1
  62     0      0      6   PS   1
  63     1      0      6   PS   1
  64     2      0      6   PS   1
  65     3      0      6   2S   1
  66     4      0      6   2S   1
  67     5      0      6   2S   1
  68     0      1      6   PS   1
  69     1      1      6   PS   1
  70     2      1      6   PS   1
  71     3      1      6   2S   1
  72     4      1      6   2S   1
  73     5      1      6   2S   1
  74     0      0      7   PS   1
  75     1      0      7   PS   1
  76     2      0      7   PS   1
  77     3      0      7   2S   1
  78     4      0      7   2S   1
  79     5      0      7   2S   1
  80     0      1      7   PS   1
  81     1      1      7   PS   0
  82     2      1      7   PS   0
  83     3      1      7   2S   0
  84     4      1      7   2S   0
  85     5      1      7   2S   0
  86     0      0      8   PS   0
  87     1      0      8   PS   0
  88     2      0      8   PS   0
  89     3      0      8   2S   0
  90     4      0      8   2S   0
  91     5      0      8   2S   0
  92     0      1      8   PS   0
  93     1      1      8   PS   2
  94     2      1      8   PS   2
  95     3      1      8   2S   2
  96     4      1      8   2S   2
  97     5      1      8   2S   2
  98     4      1      4   2S   2
  99     5      1      4   2S   2
 100     0      0      9   PS   2
 101     1      0      9   PS   2
 102     2      0      9   PS   2
 103     3      0      9   2S   2
 104     4      0      9   2S   2
 105     5      0      9   2S   2
 106     0      1      9   PS   2
 107     1      1      9   PS   2
 108     2      1      9   PS   2
 109     3      1      9   2S   2
 110     4      1      9   2S   2
 111     5      1      9   2S   2
 112     0      0     10   PS   2
 113     1      0     10   PS   2
 114     2      0     10   PS   2
 115     3      0     10   2S   2
 116     4      0     10   2S   2
 117     5      0     10   2S   2
 118     0      1     10   PS   2
 119     1      1     10   PS   2
 120     2      1     10   PS   2
 121     3      1     10   2S   2
 122     4      1     10   2S   2
 123     5      1     10   2S   2
 124     0      0     11   PS   0
 125     1      0     11   PS   0
 126     2      0     11   PS   0
 127     3      0     11   2S   0
 128     4      0     11   2S   3
 129     5      0     11   2S   3
 130     0      1     11   PS   3
 131     1      1     11   PS   3
 132     2      1     11   PS   3
 133     3      1     11   2S   3
 134     4      1     11   2S   3
 135     5      1     11   2S   3
 136     0      0     12   PS   3
 137     1      0     12   PS   3
 138     2      0     12   PS   3
 139     3      0     12   2S   3
 140     4      0     12   2S   3
 141     5      0     12   2S   3
 142     0      1     12   PS   3
 143     1      1     12   PS   3
 144     2      1     12   PS   3
 145     3      1     12   2S   3
 146     4      1     12   2S   3
 147     5      1     12   2S   3
 148     0      0     13   PS   3
 149     1      0     13   PS   3
 150     0      0     14   PS   3
 151     1      0     14   PS   3
 152     2      0     14   PS   3
 153     3      0     14   2S   3
 154     4      0     14   2S   3
 155     5      0     14   2S   3
 156     0      1     14   PS   3
 157     1      1     14   PS   3
 158     2      1     14   PS   3
 159     3      1     14   2S   4
 160     4      1     14   2S   4
 161     5      1     14   2S   4
 162     0      0     15   PS   4
 163     1      0     15   PS   4
 164     2      0     15   PS   4
 165     3      0     15   2S   4
 166     4      0     15   2S   4
 167     5      0     15   2S   4
 168     0      1     15   PS   4
 169     1      1     15   PS   4
 170     2      1     15   PS   4
 171     3      1     15   2S   4
 172     4      1     15   2S   4
 173     5      1     15   2S   4
 174     0      0     16   PS   4
 175     1      0     16   PS   4
 176     2      0     16   PS   4
 177     3      0     16   2S   4
 178     4      0     16   2S   4
 179     5      0     16   2S   4
 180     0      1     16   PS   4
 181     1      1     16   PS   4
 182     2      1     16   PS   4
 183     3      1     16   2S   4
 184     4      1     16   2S   4
 185     5      1     16   2S   4
 186     0      0     17   PS   4
 187     1      0     17   PS   4
 188     2      0     17   PS   4
 189     3      0     17   2S   4
 190     4      0     17   2S   0
 191     5      0     17   2S   0
 192     0      1     17   PS   0
 193     1      1     17   PS   0
 194     2      1     17   PS   0
 195     3      1     17   2S   0
 196     4      1     17   2S   0
 197     5      1     17   2S   0
 198     4      1     13   2S   0
 199     5      1     13   2S   0
 200     0      0     18   PS   0
 201     1      0     18   PS   0
 202     2      0     18   PS   0
 203     3      0     18   2S   0
 204     4      0     18   2S   0
 205     5      0     18   2S   0
 206     0      1     18   PS   5
 207     1      1     18   PS   5
 208     2      1     18   PS   5
 209     3      1     18   2S   5
 210     4      1     18   2S   5
 211     5      1     18   2S   5
 212     0      0     19   PS   5
 213     1      0     19   PS   5
 214     2      0     19   PS   5
 215     3      0     19   2S   5
 216     4      0     19   2S   5
 217     5      0     19   2S   5
 218     0      1     19   PS   5
 219     1      1     19   PS   5
 220     2      1     19   PS   5
 221     3      1     19   2S   5
 222     4      1     19   2S   5
 223     5      1     19   2S   5
 224     0      0     20   PS   5
 225     1      0     20   PS   5
 226     2      0     20   PS   5
 227     3      0     20   2S   5
 228     4      0     20   2S   5
 229     5      0     20   2S   5
 230     0      1     20   PS   5
 231     1      1     20   PS   5
 232     2      1     20   PS   5
 233     3      1     20   2S   5
 234     4      1     20   2S   5
 235     5      1     20   2S   5
 236     0      0     21   PS   5
 237     1      0     21   PS   9
 238     2      0     21   PS   9
 239     3      0     21   2S   9
 240     4      0     21   2S   9
 241     5      0     21   2S   9
 242     0      1     21   PS   6
 243     1      1     21   PS   6
 244     2      1     21   PS   6
 245     3      1     21   2S   6
 246     4      1     21   2S   6
 247     5      1     21   2S   6
 248     0      0     26   PS   6
 249     1      0     26   PS   6
 250     0      0     22   PS   6
 251     1      0     22   PS   6
 252     2      0     22   PS   6
 253     3      0     22   2S   6
 254     4      0     22   2S   6
 255     5      0     22   2S   6
 256     0      1     22   PS   6
 257     1      1     22   PS   6
 258     2      1     22   PS   6
 259     3      1     22   2S   6
 260     4      1     22   2S   6
 261     5      1     22   2S   6
 262     0      0     23   PS   8
 263     1      0     23   PS   8
 264     2      0     23   PS   8
 265     3      0     23   2S   8
 266     4      0     23   2S   8
 267     5      0     23   2S   8
 268     0      1     23   PS   8
 269     1      1     23   PS   8
 270     2      1     23   PS   8
 271     3      1     23   2S   8
 272     4      1     23   2S   8
 273     5      1     23   2S   8
 274     0      0     24   PS   8
 275     1      0     24   PS   8
 276     2      0     24   PS   8
 277     3      0     24   2S   8
 278     4      0     24   2S   8
 279     5      0     24   2S   8
 280     0      1     24   PS   8
 281     1      1     24   PS   8
 282     2      1     24   PS   8
 283     3      1     24   2S   8
 284     4      1     24   2S   7
 285     5      1     24   2S   7
 286     0      0     25   PS   7
 287     1      0     25   PS   7
 288     2      0     25   PS   7
 289     3      0     25   2S   7
 290     4      0     25   2S   7
 291     5      0     25   2S   7
 292     0      1     25   PS   7
 293     1      1     25   PS   7
 294     2      1     25   PS   7
 295     3      1     25   2S   7
 296     4      1     25   2S   7
 297     5      1     25   2S   7
 298     4      1     26   2S   7
 299     5      1     26   2S   7
